0101010044134004201207
0102010056141002201207
0102010064141002201207
0102010072141002201207
0102010145141002201207
0102010153141002201207
0102010161141002201207
0102010170141002201207
0102010188141002201207
0102010196141002201207
0102010200141002201207
0102010218141002201207
0102010226141002201207
0102010234141002201207
0102010242141002201207
0102010250141002201207
0102010269141002201207
0102010277141002201207
0102010285141002201207
0102010293141002201207
0102010307141002201207
0102010315141002201207
0102010323141002201207
0102010331141002201207
0102010340141002201207
0102010358141002201207
0102010366141002201207
0102010374141002201207
0102010382141002201207
0102010390141002201207
0102010404141002201207
0102010412141002201207
0102010420141002201207
0102010439141002201207
0102010447141002201207
0102010455141002201207
0102010463141002201207
0102010471141002201207
0102010480141002201207
0102010498141002201207
0102010501141002201207
0102010510141002201207
0102010528141002201207
0102010536141002201207
0201010186131001201207
0201010186132001201207
0201010186132005201207
0201010240131001201207
0201010240132001201207
0201010240132005201207
0201010534105005201207
0201010542121001201207
0201010542121002201207
0201010542121003201207
0201010542121004201207
0202010015145001201207
0202010023145001201207
0202010031145001201207
0202010040145001201207
0202010058145001201207
0202010066145001201207
0202010074145001201207
0202010082145001201207
0202010090145001201207
0202010104145001201207
0202010112145001201207
0202010120145001201207
0202010139145001201207
0202010147145001201207
0202010155145001201207
0202010163145001201207
0202010171145001201207
0202010180145001201207
0202010198145001201207
0202010201145001201207
0202010210145001201207
0202010228145001201207
0202010236145001201207
0202010244145001201207
0202010252145001201207
0202010260145001201207
0202010279145001201207
0202010287145001201207
0202010295145001201207
0202010309145001201207
0202010317145001201207
0202010325145001201207
0202010333145001201207
0202010341145001201207
0202010350145001201207
0202010368145001201207
0202010376145001201207
0202010384145001201207
0202010392145001201207
0202010406145001201207
0202010414145001201207
0202010422145001201207
0202010430145001201207
0202010449145001201207
0202010457145001201207
0202010465145001201207
0202010473145001201207
0202010481145001201207
0202010490145001201207
0202010503145001201207
0202010511145001201207
0202010520145001201207
0202010538145001201207
0202010546145001201207
0202010554145001201207
0202010562145001201207
0202010570145001201207
0202010589145001201207
0202010597145001201207
0202010600145001201207
0202010619145001201207
0202010627145001201207
0202010635145001201207
0202010643145001201207
0202010651145001201207
0202010660145001201207
0202010678145001201207
0202010686145001201207
0202010694145001201207
0202010708145001201207
0202010716145001201207
0202010724145001201207
0202010732145001201207
0202010740145001201207
0202010759145001201207
0202010767145001201207
0202020010145002201207
0202020029145002201207
0202020037145002201207
0202020045145002201207
0202020053145002201207
0202020061145002201207
0202020070145002201207
0202020088145002201207
0202020096145002201207
0202020100145002201207
0202020118145002201207
0202020126145002201207
0202020134145002201207
0202020142145002201207
0202020150145002201207
0202020169145002201207
0202020177145002201207
0202020185145002201207
0202020193145002201207
0202020207145002201207
0202020215145002201207
0202020223145002201207
0202020231145002201207
0202020240145002201207
0202020258145002201207
0202020266145002201207
0202020274145002201207
0202020282145002201207
0202020290145002201207
0202020304145002201207
0202020312145002201207
0202020320145002201207
0202020339145002201207
0202020347145002201207
0202020355145002201207
0202020363145002201207
0202020371145002201207
0202020380145002201207
0202020398145002201207
0202020401145002201207
0202020410145002201207
0202020428145002201207
0202020436145002201207
0202020444145002201207
0202020460145002201207
0202020479128001201207
0202020487145002201207
0202020495145002201207
0202020509145002201207
0202020517145002201207
0202020525145002201207
0202020533145002201207
0202020541145002201207
0202030016145003201207
0202030024145003201207
0202030032145003201207
0202030040145003201207
0202030059145003201207
0202030067145003201207
0202030075145003201207
0202030083145003201207
0202030091145003201207
0202030105145003201207
0202030113145003201207
0202030121145003201207
0202030130145003201207
0202030148145003201207
0202030156145003201207
0202030164145003201207
0202030172145003201207
0202030180145003201207
0202030199145003201207
0202030202145003201207
0202030210145003201207
0202030229145003201207
0202030237132002201207
0202030237145003201207
0202030253145003201207
0202030261145003201207
0202030270145003201207
0202030288145003201207
0202030296145003201207
0202030300145003201207
0202030318145003201207
0202030326145003201207
0202030334145003201207
0202030342145003201207
0202030350145003201207
0202030369145003201207
0202030377145003201207
0202030385145003201207
0202030393145003201207
0202030407145003201207
0202030415145003201207
0202030423145003201207
0202030431145003201207
0202030440145003201207
0202030458145003201207
0202030466145003201207
0202030474145003201207
0202030482145003201207
0202030504145003201207
0202030512145003201207
0202030520145003201207
0202030539145003201207
0202030547145003201207
0202030555145003201207
0202030563145003201207
0202030571145003201207
0202030580145003201207
0202030598145003201207
0202030601145003201207
0202030610145003201207
0202030628145003201207
0202030636145003201207
0202030644145003201207
0202030652145003201207
0202030660145003201207
0202030679145003201207
0202030687145003201207
0202030695145003201207
0202030709145003201207
0202030717145003201207
0202030725145003201207
0202030733145003201207
0202030741145003201207
0202030750145003201207
0202030768145003201207
0202030776145003201207
0202030784145003201207
0202030792145003201207
0202030806145003201207
0202030814145003201207
0202030822145003201207
0202030830145003201207
0202030849145003201207
0202030857145003201207
0202030865145003201207
0202030873145003201207
0202030881145003201207
0202030890145003201207
0202030903145003201207
0202030911145003201207
0202030920145003201207
0202030938145003201207
0202030946145003201207
0202030954145003201207
0202030962145003201207
0202030970145003201207
0202030989145003201207
0202030997145003201207
0202031004145003201207
0202031012145003201207
0202031020145003201207
0202031039145003201207
0202031047145003201207
0202031055145003201207
0202031063145003201207
0202031071145003201207
0202031080145003201207
0202031098145003201207
0202031101145003201207
0202031110145003201207
0202031128145003201207
0202031136145003201207
0202031179145003201207
0202031187145003201207
0202031195145003201207
0202031209145003201207
0202040011145004201207
0202040020145004201207
0202040038145004201207
0202040046145004201207
0202040054145004201207
0202040062145004201207
0202040070145004201207
0202040089145004201207
0202040097145004201207
0202040100145004201207
0202040119145004201207
0202040127145004201207
0202040135145004201207
0202040143145004201207
0202040151145004201207
0202040160145004201207
0202040178145004201207
0202050017145005201207
0202050025145005201207
0202050033145005201207
0202050041145005201207
0202050050145005201207
0202050068145005201207
0202050076145005201207
0202050084145005201207
0202050092145005201207
0202050106145005201207
0202050114145005201207
0202050122145005201207
0202050130145005201207
0202050149145005201207
0202050157145005201207
0202050165145005201207
0202050173145005201207
0202050181145005201207
0202050190145005201207
0202050203145005201207
0202050211145005201207
0202050220145005201207
0202050238145005201207
0202050246145005201207
0202050254145005201207
0202050262145005201207
0202050270145005201207
0202050289145005201207
0202050297145005201207
0202050300145005201207
0202050319145005201207
0202050327145005201207
0202060012145006201207
0202060012151002201207
0202060020145006201207
0202060020151002201207
0202060039145006201207
0202060039151002201207
0202060047145006201207
0202060047151002201207
0202060055145006201207
0202060055151002201207
0202060063145006201207
0202060063151002201207
0202060071145006201207
0202060071151002201207
0202060080145006201207
0202060080151002201207
0202060098145006201207
0202060098151002201207
0202060101145006201207
0202060101151002201207
0202060110145006201207
0202060110151002201207
0202060128145006201207
0202060128151002201207
0202060136145006201207
0202060136151002201207
0202060144145006201207
0202060144151002201207
0202060152145006201207
0202060152151002201207
0202060160145006201207
0202060160151002201207
0202060179145006201207
0202060179151002201207
0202060187145006201207
0202060187151002201207
0202060195145006201207
0202060195151002201207
0202060209145006201207
0202060209151002201207
0202060217145006201207
0202060217151002201207
0202060225145006201207
0202060225151002201207
0202060233145006201207
0202060233151002201207
0202060241145006201207
0202060241151002201207
0202060250145006201207
0202060250151002201207
0202060268145006201207
0202060268151002201207
0202060276145006201207
0202060276151002201207
0202060284145006201207
0202060284151002201207
0202060292145006201207
0202060292151002201207
0202060306145006201207
0202060306151002201207
0202060314145006201207
0202060314151002201207
0202060322145006201207
0202060322151002201207
0202060330145006201207
0202060330151002201207
0202060349145006201207
0202060349151002201207
0202060357145006201207
0202060357151002201207
0202060365145006201207
0202060365151002201207
0202060373145006201207
0202060373151002201207
0202060381145006201207
0202060381151002201207
0202060390145006201207
0202060390151002201207
0202060403145006201207
0202060403151002201207
0202060411145006201207
0202060411151002201207
0202060420145006201207
0202060420151002201207
0202060438145006201207
0202060438151002201207
0202060446145006201207
0202060446151002201207
0202060454145006201207
0202060454151002201207
0202060462145006201207
0202060462151002201207
0202060470145006201207
0202070018145008201207
0202070026145008201207
0202070034145008201207
0202070042145008201207
0202070050145008201207
0202070069145008201207
0202070077145008201207
0202070085145008201207
0202070093145008201207
0202070107145008201207
0202070115145008201207
0202070123145008201207
0202070131145008201207
0202070140145008201207
0202070158145008201207
0202070166145008201207
0202070174145008201207
0202070182145008201207
0202070190145008201207
0202070204145008201207
0202070212145008201207
0202070220145008201207
0202070239145008201207
0202070247145008201207
0202070255145008201207
0202070263145008201207
0202070271145008201207
0202070280145008201207
0202070298145008201207
0202070301145008201207
0202070310145008201207
0202070328145008201207
0202070336145008201207
0202070344145008201207
0202070352145008201207
0202080013145009201207
0202080021145009201207
0202080030145009201207
0202080048145009201207
0202080056145009201207
0202080064145009201207
0202080072145009201207
0202080080145009201207
0202080099145009201207
0202080102145009201207
0202080110145009201207
0202080129145009201207
0202080137145009201207
0202080145145009201207
0202080153145009201207
0202080161145009201207
0202080170145009201207
0202080188145009201207
0202080196145009201207
0202080200145009201207
0202080218145009201207
0202080226145009201207
0202080234145009201207
0202090019145010201207
0202090027145010201207
0202090035145010201207
0202090043145010201207
0202090051145010201207
0202090060145010201207
0202090078145010201207
0202090086145010201207
0202090094145010201207
0202090108145009201207
0202090116145010201207
0202090124145010201207
0202090132145010201207
0202090140145010201207
0202090159145010201207
0202090167145010201207
0202090183145010201207
0202090191145010201207
0202090213145010201207
0202090221145010201207
0202090221151002201207
0202090230145010201207
0202090248145010201207
0202090256145010201207
0202090264145010201207
0202090272145010201207
0202090280145010201207
0202090299145010201207
0202090302145010201207
0202090310145010201207
0202090329145010201207
0202090337145010201207
0202090345145010201207
0202090353145010201207
0202100014145011201207
0202100022145011201207
0202100030145011201207
0202110010145012201207
0202110028145012201207
0202110036145012201207
0202110044145012201207
0202110052145012201207
0202110060145012201207
0202110079145012201207
0202110087145012201207
0202120015128002201207
0202120015145013201207
0202120023128002201207
0202120023145013201207
0202120031128002201207
0202120031145013201207
0202120040128002201207
0202120040145013201207
0202120058128002201207
0202120058145013201207
0202120066128002201207
0202120066145013201207
0202120074128002201207
0202120074145013201207
0202120082128002201207
0202120082145013201207
0202120090128002201207
0202120090145013201207
0202120104128002201207
0202120104145013201207
0203010019120002201207
0203010027120002201207
0203010035120002201207
0203010043120002201207
0203020014120001201207
0203020014120002201207
0203020022120001201207
0203020030120001201207
0203020049120001201207
0203020057120001201207
0203020065120001201207
0203020073120001201207
0203020081120001201207
0204010012121001201207
0204010012121007201207
0204010020121001201207
0204010020121007201207
0204010039121001201207
0204010039121007201207
0204010047121001201207
0204010047121007201207
0204010055121001201207
0204010055121007201207
0204010063121001201207
0204010063121007201207
0204010071121001201207
0204010071121007201207
0204010080121001201207
0204010080121007201207
0204010098121001201207
0204010098121007201207
0204010101121001201207
0204010101121007201207
0204010110121001201207
0204010110121007201207
0204010128121001201207
0204010128121007201207
0204010136121001201207
0204010136121007201207
0204010144121001201207
0204010144121007201207
0204010152121001201207
0204010152121007201207
0204010179121001201207
0204010179121007201207
0204010195121001201207
0204010195121007201207
0204010209121001201207
0204010209121007201207
0204020018121001201207
0204020018121007201207
0204020026121001201207
0204020026121007201207
0204020034121001201207
0204020034121007201207
0204020042121001201207
0204020042121007201207
0204020050121001201207
0204020050121007201207
0204020069121001201207
0204020069121007201207
0204020077121001201207
0204020077121007201207
0204020085121001201207
0204020085121007201207
0204020093121001201207
0204020093121007201207
0204020107121001201207
0204020107121007201207
0204020115121001201207
0204020115121007201207
0204020123121001201207
0204020123121007201207
0204020131121001201207
0204020131121007201207
0204030013121001201207
0204030013121007201207
0204030021121001201207
0204030021121007201207
0204030030121012201207
0204030030121013201207
0204030048121001201207
0204030048121007201207
0204030056121001201207
0204030056121007201207
0204030064121001201207
0204030064121007201207
0204030072121001201207
0204030072121007201207
0204030080121001201207
0204030080121007201207
0204030099121001201207
0204030099121007201207
0204030102121001201207
0204030102121007201207
0204030110121001201207
0204030110121007201207
0204030129121001201207
0204030129121007201207
0204030137121001201207
0204030137121007201207
0204030145121001201207
0204030145121007201207
0204030153121001201207
0204030153121007201207
0204030161121001201207
0204030161121007201207
0204030170121001201207
0204030170121007201207
0204030188121012201207
0204030188121013201207
0204040019121001201207
0204040019121007201207
0204040027121001201207
0204040027121007201207
0204040035121001201207
0204040035121007201207
0204040043121001201207
0204040043121007201207
0204040051121001201207
0204040051121007201207
0204040060121001201207
0204040060121007201207
0204040078121001201207
0204040078121007201207
0204040086121001201207
0204040086121007201207
0204040094121001201207
0204040094121007201207
0204040108121001201207
0204040108121007201207
0204040116121001201207
0204040116121007201207
0204040124121001201207
0204040124121007201207
0204050014121001201207
0204050014121007201207
0204050022121001201207
0204050022121007201207
0204050030121001201207
0204050030121007201207
0204050049121001201207
0204050049121007201207
0204050057121001201207
0204050057121007201207
0204050065121001201207
0204050065121007201207
0204050073121001201207
0204050073121007201207
0204050081121001201207
0204050081121007201207
0204050090121001201207
0204050090121007201207
0204050103121001201207
0204050103121007201207
0204050111121001201207
0204050111121007201207
0204050120121001201207
0204050120121007201207
0204050138121001201207
0204050138121007201207
0204050146121001201207
0204050146121007201207
0204050154121001201207
0204050154121007201207
0204050162121001201207
0204050162121007201207
0204050170121001201207
0204050170121007201207
0204050189121001201207
0204050189121007201207
0204060010121001201207
0204060010121007201207
0204060036121001201207
0204060036121007201207
0204060044121001201207
0204060044121007201207
0204060052121001201207
0204060052121007201207
0204060060121001201207
0204060060121007201207
0204060079121001201207
0204060079121007201207
0204060087121001201207
0204060087121007201207
0204060095121001201207
0204060095121007201207
0204060109121001201207
0204060109121007201207
0204060117121001201207
0204060117121007201207
0204060125121001201207
0204060125121007201207
0204060133121001201207
0204060133121007201207
0204060141121001201207
0204060141121007201207
0204060150121001201207
0204060150121007201207
0204060168121001201207
0204060168121007201207
0204060176121001201207
0204060176121007201207
0205010016122003201207
0205010016122007201207
0205010024122003201207
0205010024122007201207
0205010032121002201207
0205010032121008201207
0205010040121002201207
0205010040121008201207
0205010059121002201207
0205010059121008201207
0205020011121002201207
0205020011121008201207
0205020020131001201207
0205020038121002201207
0205020038121008201207
0205020046121002201207
0205020046121008201207
0205020054121002201207
0205020054121008201207
0205020062121002201207
0205020062121008201207
0205020070121002201207
0205020070121008201207
0205020089121002201207
0205020089121008201207
0205020097121002201207
0205020097121008201207
0205020100121002201207
0205020100121008201207
0205020119121002201207
0205020119121008201207
0205020127121002201207
0205020127121008201207
0205020135121002201207
0205020135121008201207
0205020143121002201207
0205020143121008201207
0205020151121002201207
0205020151121008201207
0205020160121002201207
0205020160121008201207
0205020178121002201207
0205020178121008201207
0205020186121002201207
0205020186121008201207
0205020194121002201207
0205020194121008201207
0205020208121002201207
0205020208121008201207
0205020216121002201207
0205020216121008201207
0206010010121003201207
0206010028121003201207
0206010036121003201207
0206010044121003201207
0206010052121003201207
0206010060121003201207
0206010079121003201207
0206010087121003201207
0206020015121003201207
0206020023121003201207
0206020031121003201207
0206020040121003201207
0206030010121003201207
0206030029121003201207
0206030037121003201207
0207010013121004201207
0207010013121010201207
0207010021121004201207
0207010021121010201207
0207010030121004201207
0207010030121010201207
0207010048121004201207
0207010048121010201207
0207010056121004201207
0207010056121010201207
0207010064121004201207
0207010064121010201207
0207010072121004201207
0207010072121010201207
0207020019121004201207
0207020019121010201207
0207020027121004201207
0207020027121010201207
0207020035121004201207
0207020035121010201207
0207020043121004201207
0207020043121010201207
0207020051121004201207
0207020051121010201207
0207030014121004201207
0207030014121010201207
0207030022121004201207
0207030022121010201207
0207030030121004201207
0207030030121010201207
0207030049121004201207
0207030049121010201207
0208010017151001201207
0208010017151003201207
0208010025151001201207
0208010025151003201207
0208010033151001201207
0208010033151003201207
0208010041151001201207
0208010041151003201207
0208010050151001201207
0208010050151003201207
0208010068151001201207
0208010068151003201207
0208010076151001201207
0208010076151003201207
0208010084151001201207
0208010084151003201207
0208010092151001201207
0208010092151003201207
0208020012151001201207
0208020012151003201207
0208020020151001201207
0208020020151003201207
0208020039151001201207
0208020039151003201207
0208020047151001201207
0208020047151003201207
0208020055151001201207
0208020055151003201207
0208020063151001201207
0208020063151003201207
0208020071151001201207
0208020071151003201207
0208020080151001201207
0208020080151003201207
0208020098151001201207
0208020098151003201207
0208020101151001201207
0208020101151003201207
0208020110151001201207
0208020110151003201207
0208020128151001201207
0208020128151003201207
0208030018151001201207
0208030018151003201207
0208030026151001201207
0208030026151003201207
0208030034151001201207
0208030034151003201207
0208030042151001201207
0208030042151003201207
0208030050151001201207
0208030050151003201207
0208040013151001201207
0208040013151003201207
0208040021151001201207
0208040021151003201207
0208040030151001201207
0208040030151003201207
0208040048151001201207
0208040048151003201207
0208040056151001201207
0208040056151003201207
0208040064151001201207
0208040064151003201207
0208040072151001201207
0208040072151003201207
0208040080151001201207
0208040080151003201207
0208040099151001201207
0208040099151003201207
0208040102151001201207
0208040102151003201207
0208050019151001201207
0208050019151003201207
0208050027151001201207
0208050027151003201207
0208050035151001201207
0208050035151003201207
0208050043151001201207
0208050043151003201207
0208060014151001201207
0208060014151003201207
0208060022151001201207
0208060022151003201207
0208060030151001201207
0208060030151003201207
0208070010151001201207
0208070010151003201207
0208070028151001201207
0208070028151003201207
0208070036151001201207
0208070036151003201207
0208070044151001201207
0208070044151003201207
0208080015151001201207
0208080015151003201207
0208080023151001201207
0208080023151003201207
0208080031151001201207
0208080031151003201207
0208080040151001201207
0208080040151003201207
0208090010151001201207
0208090010151003201207
0208090029151001201207
0208090029151003201207
0208090037151001201207
0208090037151003201207
0209010010142001201207
0209010029142001201207
0209010037142001201207
0209010045142001201207
0209010053142001201207
0209010061142001201207
0209020016142003201207
0209030011142004201207
0209040017142002201207
0209040025142002201207
0209040033142002201207
0209040041142002201207
0209040050142002201207
0210010010121001201207
0210010010121007201207
0210010029121001201207
0210010029121007201207
0210010037121006201207
0210010037121011201207
0210010045121001201207
0210010045121007201207
0210010053121001201207
0210010053121007201207
0210010061121001201207
0210010061121007201207
0210010070121001201207
0210010070121007201207
0210010088121001201207
0210010088121007201207
0210010096121001201207
0210010096121007201207
0210010100121001201207
0210010100121007201207
0210010118121001201207
0210010118121007201207
0210010126121001201207
0210010126121007201207
0210010134121001201207
0210010134121007201207
0210010142121001201207
0210010142121007201207
0210010150121001201207
0210010150121007201207
0210010169121001201207
0210010169121006201207
0210010169121007201207
0210010177121001201207
0210010177121007201207
0210010185121001201207
0210010185121007201207
0210010193121001201207
0210010193121007201207
0210010207121001201207
0210010207121007201207
0210020016121001201207
0210020016121007201207
0211010022121002201207
0211020010116005201207
0211020028116005201207
0211020036113001201207
0211020036113002201207
0211020036113003201207
0211020036113004201207
0211020036122003201207
0211020036122007201207
0211020044122002201207
0211020044122006201207
0211020060122001201207
0211020060122005201207
0211030015126008201207
0211030023126008201207
0211030031126008201207
0211030040126008201207
0211030058126008201207
0211030066126008201207
0211030074126008201207
0211030082126008201207
0211030090126008201207
0211040037145009201207
0211050024122004201207
0211050024122008201207
0211050032122004201207
0211050032122008201207
0211050040122004201207
0211050040122008201207
0211050059122004201207
0211050059122008201207
0211050067122004201207
0211050067122008201207
0211050091105006201207
0211050105105009201207
0211050148105006201207
0211050156122004201207
0211050156122008201207
0211060011131001201207
0211060020131001201207
0211060038131001201207
0211060054131001201207
0211060062131001201207
0211060070131001201207
0211060089131001201207
0211060097131001201207
0211060100131001201207
0211060119131001201207
0211060127131001201207
0211060135131001201207
0211060143131001201207
0211060151113001201207
0211060151113002201207
0211060151113003201207
0211060151113004201207
0211060151131001201207
0211060160131001201207
0211060178131001201207
0211060178131005201207
0211060186131001201207
0211060208131001201207
0211060216131001201207
0211060224131001201207
0211060232131001201207
0211060240131001201207
0211060259131001201207
0211060267131001201207
0211070025107001201207
0211070025107002201207
0211070025107004201207
0211070033107001201207
0211070033107002201207
0211070033107004201207
0211070041107001201207
0211070041107002201207
0211070041107004201207
0211070092107001201207
0211070092107002201207
0211070106107002201207
0211070122107004201207
0211070130107004201207
0211070149107004201207
0211070157107001201207
0211070157107002201207
0211070157107004201207
0211070165107004201207
0211070190107004201207
0211070203107001201207
0211070203107002201207
0211070203107004201207
0211070211107001201207
0211070211107002201207
0211070211107004201207
0211070220107004201207
0211070238107004201207
0211070246107001201207
0211070246107002201207
0211070246107004201207
0211070254107004201207
0211070262107001201207
0211070262107002201207
0211070262107004201207
0211070262107007201207
0211070270107004201207
0211070270107007201207
0211070289107004201207
0211070297107001201207
0211070297107002201207
0211070300107002201207
0211070319107001201207
0211070319107002201207
0211070327107004201207
0211070335107004201207
0211070343107004201207
0211070351107004201207
0211080012133001201207
0211080020133001201207
0211080039133001201207
0211080047133001201207
0211080055133002201207
0211080055133003201207
0211080063133001201207
0211080071133001201207
0211080080122001201207
0211080080122005201207
0211100013115002201207
0212010018128002201207
0212010026128002201207
0212010034128002201207
0212010042128002201207
0212010050128002201207
0212020013128003201207
0212020021128003201207
0212020030128003201207
0212020048128003201207
0212020056128003201207
0212020064128003201207
0213010011141001201207
0213010020141001201207
0213010038141001201207
0213010046141001201207
0213010054141001201207
0213010062141001201207
0213010070141001201207
0213010089141001201207
0213010097141001201207
0213010100141001201207
0213010119141001201207
0213010127141001201207
0213010135141001201207
0213010143141001201207
0213010151141001201207
0213010160141001201207
0213010178141001201207
0213010186141001201207
0213010194141001201207
0213010208141001201207
0213010216141001201207
0213010224141001201207
0213010232141001201207
0213010240141001201207
0213010259141001201207
0213010267141001201207
0213010275141001201207
0213010283141001201207
0213010291141001201207
0213010305141001201207
0213010313141001201207
0213010321141001201207
0213010330141001201207
0213010348141001201207
0213010356141001201207
0213010364141001201207
0213010372141001201207
0213010380141001201207
0213010399141001201207
0213010402141001201207
0213010410141001201207
0213010429141001201207
0213010437141001201207
0213010445141001201207
0213010453141001201207
0213010470141001201207
0213010488141001201207
0213010496141001201207
0213010500141001201207
0213010518141001201207
0213010526141001201207
0213010534141001201207
0213010542141001201207
0213010550141001201207
0213010569141001201207
0213010577141001201207
0213010585141001201207
0213010593141001201207
0213010607141001201207
0213010615141001201207
0213010623141001201207
0213010631141001201207
0213010640141001201207
0213010658141001201207
0213010666141001201207
0213010674141001201207
0213010682141001201207
0213010690141001201207
0213010704141001201207
0213010712141001201207
0213020017141003201207
0213020025141003201207
0213020033141003201207
0213020041141003201207
0213020050141003201207
0213020068141003201207
0213020076141003201207
0213020084141003201207
0301010102131001201207
0301020019108001201207
0301020027108001201207
0301030022103006201207
0301030030103003201207
0301030049103003201207
0301030049103004201207
0301030057103002201207
0301030057103005201207
0301030081103002201207
0301030090103003201207
0301030103103002201207
0301030111104003201207
0301030120104003201207
0301030138104003201207
0301030146104003201207
0301030154103001201207
0301030162103003201207
0301030162103005201207
0301050015133001201207
0301050031113001201207
0301050031113003201207
0301050031113004201207
0301050040113001201207
0301050066133001201207
0301050074113002201207
0301070016107005201207
0301070024113001201207
0301070024113002201207
0301070024113003201207
0301070024113004201207
0301070024135004201207
0301070032107001201207
0301070040115002201207
0301070067113001201207
0301070067113002201207
0301070067113003201207
0301070067113004201207
0301070067135002201207
0301070067135004201207
0301070075135002201207
0301070083135003201207
0301070091135003201207
0301070105135003201207
0301070113107003201207
0301070113113001201207
0301070113113002201207
0301070113113003201207
0301070113113004201207
0301070121135003201207
0301070130135003201207
0301070148135001201207
0301070156135001201207
0301070164135001201207
0301080011119001201207
0301080020115002201207
0301080038115002201207
0301080046115001201207
0301080054115002201207
0301080062115002201207
0301080070115002201207
0301080089115002201207
0301080097115002201207
0301080100113001201207
0301080100113002201207
0301080100113003201207
0301080100113004201207
0301080100115002201207
0301080119115002201207
0301080127115002201207
0301080135115002201207
0301080160115002201207
0301080178115002201207
0301110018117002201207
0301110026117002201207
0301120056127001201207
0302010017126001201207
0302010025126001201207
0302010033126001201207
0302020012113001201207
0302020012113002201207
0302020012113003201207
0302020012113004201207
0302020012126002201207
0302020020113001201207
0302020020113002201207
0302020020113003201207
0302020020113004201207
0302020020126002201207
0302020039126002201207
0302030018126003201207
0302030026126003201207
0302040013126002201207
0302040013126004201207
0302040013126006201207
0302040013126007201207
0302040021113001201207
0302040021113002201207
0302040021113003201207
0302040021113004201207
0302040021126004201207
0302040030113001201207
0302040030113002201207
0302040030113003201207
0302040030113004201207
0302040030126004201207
0302040048126004201207
0302040056126004201207
0302050019126005201207
0302050027113001201207
0302050027113002201207
0302050027113003201207
0302050027113004201207
0302050027126005201207
0302050035126005201207
0302060014113001201207
0302060014113002201207
0302060014113003201207
0302060014113004201207
0302060014126007201207
0302060022126007201207
0302060030126007201207
0302060049126007201207
0302060057126007201207
0302070010126006201207
0302070028126006201207
0302070036126006201207
0303040068105001201207
0303040068105002201207
0303040068105003201207
0303040068105004201207
0303040068105005201207
0303040068105006201207
0303040068105007201207
0303040068105008201207
0303040068132005201207
0303040106105001201207
0303040106105002201207
0303040106105003201207
0303040106105004201207
0303040106105005201207
0303040114105001201207
0303040114105002201207
0303040114105003201207
0303040114105004201207
0303040114105005201207
0303040114155001201207
0303040114155002201207
0303040114155003201207
0303040122105001201207
0303040122105002201207
0303040122105003201207
0303040122105004201207
0303040122105005201207
0303040122132005201207
0303040300140001201207
0303040300140002201207
0303040300140003201207
0303050012131002201207
0303050020131002201207
0303050039131002201207
0303050047131002201207
0303050055131002201207
0303050063131002201207
0303050071131002201207
0303050080131002201207
0303050098131002201207
0303050101131002201207
0303050110131002201207
0303050128131004201207
0303050136131002201207
0303050144131002201207
0303050152131002201207
0303050160131002201207
0303050179131002201207
0303050187131002201207
0303050195131002201207
0303050209131002201207
0303050217131002201207
0303050225131002201207
0303070013142001201207
0303190019113001201207
0303190019113002201207
0303190019113003201207
0303190019113004201207
0303190019135003201207
0304010014132004201207
0304010022132004201207
0304010030132004201207
0304010049132004201207
0304010057132004201207
0304010065132004201207
0304010073132004201207
0304010081132004201207
0304010090132004201207
0304010111132001201207
0304010111132002201207
0304010111132003201207
0304010111132004201207
0304010120132004201207
0304010138132004201207
0304010146132004201207
0304010154132004201207
0304010162132004201207
0304010170132004201207
0304010189132004201207
0304010197132004201207
0304010200132004201207
0304010219132004201207
0304010235132004201207
0304010243132004201207
0304010260132004201207
0304010286132004201207
0304010294132004201207
0304010308132004201207
0304010316132004201207
0304010324132004201207
0304010332132004201207
0304010340132004201207
0304020010132003201207
0304020028132003201207
0304020036132003201207
0304020044132003201207
0304020052132003201207
0304020060132003201207
0304020079132003201207
0304020087132003201207
0304020095132003201207
0304020109132003201207
0304020117132003201207
0304020125132003201207
0304020133132003201207
0304020141132003201207
0304020150132003201207
0304020168132003201207
0304020176132003201207
0304020184132003201207
0304020192132003201207
0304020206132003201207
0304020214132003201207
0304020222132003201207
0304020230132003201207
0304020249132003201207
0304020257132003201207
0304020265132003201207
0304020273132003201207
0304020281132003201207
0304020290132003201207
0304020303132003201207
0304020311132003201207
0304020320132003201207
0304020338132003201207
0304020346132003201207
0304020362132003201207
0304020370132003201207
0304020389132003201207
0304020397132003201207
0304020400132003201207
0304030015132002201207
0304030015132003201207
0304030023132002201207
0304030023132003201207
0304030031132002201207
0304030031132003201207
0304030040132002201207
0304030040132003201207
0304030058132002201207
0304030058132003201207
0304030066132002201207
0304030066132003201207
0304030074132002201207
0304030074132003201207
0304030082132002201207
0304030082132003201207
0304030090132002201207
0304030090132003201207
0304030104132002201207
0304030104132003201207
0304030112132002201207
0304030112132003201207
0304030120132002201207
0304030120132003201207
0304030139132002201207
0304030139132003201207
0304030147132002201207
0304030147132003201207
0304030155132002201207
0304030155132003201207
0304030163132002201207
0304030163132003201207
0304030171132002201207
0304030171132003201207
0304030180132002201207
0304030180132003201207
0304030198132002201207
0304030198132003201207
0304030201132002201207
0304030201132003201207
0304030210132002201207
0304030210132003201207
0304030228132002201207
0304030228132003201207
0304040010132003201207
0304040029132003201207
0304040045132003201207
0304040053132003201207
0304040061132003201207
0304040070132003201207
0304040088132003201207
0304040096132003201207
0304040100132003201207
0304040118132003201207
0304040126132003201207
0304040134132003201207
0304040142132003201207
0304040150132003201207
0304040169132003201207
0304040177132003201207
0304050016132003201207
0304050024132003201207
0304050032132003201207
0304050040132003201207
0304050067132003201207
0304050075132003201207
0304050113132003201207
0304050121132003201207
0304050130132003201207
0304050164132003201207
0304050172132003201207
0304050180132003201207
0304050202132003201207
0304050210132003201207
0304050229132003201207
0304050253132003201207
0304060011132002201207
0304060011132003201207
0304060038132002201207
0304060038132003201207
0304060046132002201207
0304060046132003201207
0304060070132002201207
0304060070132003201207
0304060089132002201207
0304060089132003201207
0304060097132002201207
0304060097132003201207
0304060100132002201207
0304060100132003201207
0304060119132002201207
0304060119132003201207
0304060127132002201207
0304060127132003201207
0304060135132002201207
0304060135132003201207
0304060151132003201207
0304060160132003201207
0304060178132003201207
0304060186132003201207
0304060208132003201207
0304060216132003201207
0304060224132002201207
0304060224132003201207
0304070017132001201207
0304070017132002201207
0304070017132003201207
0304070025132001201207
0304070025132002201207
0304070025132003201207
0304070033132001201207
0304070033132002201207
0304070033132003201207
0304070041132001201207
0304070041132002201207
0304070041132003201207
0304070050132001201207
0304070050132003201207
0304080012132001201207
0304080012132002201207
0304080012132003201207
0304080020132001201207
0304080020132002201207
0304080020132003201207
0304080039132001201207
0304080039132002201207
0304080039132003201207
0304080047132003201207
0304080055132001201207
0304080055132002201207
0304080055132003201207
0304080063132003201207
0304080071132001201207
0304080071132002201207
0304080071132003201207
0304090018151001201207
0304090026151001201207
0304090034151001201207
0304090042151001201207
0305010018130001201207
0305010026130001201207
0305010034130001201207
0305010042130001201207
0305010050130001201207
0305010069130001201207
0305010077130001201207
0305010085130001201207
0305010093130001201207
0305010107130001201207
0305010115130001201207
0305010123130001201207
0305010166130001201207
0306010011128001201207
0306010020128001201207
0306010038128001201207
0306020017128004201207
0306020025128004201207
0306020033128004201207
0306020041128003201207
0306020050128004201207
0306020068128004201207
0306020076128004201207
0306020084128004201207
0306020092128004201207
0306020106128004201207
0306020114128004201207
0306020122128004201207
0306020130128004201207
0306020149128004201207
0306020157128004201207
0309030056142003201207
0309030064142003201207
0309030102130002201207
0309030110130002201207
0309030129130002201207
0309030137130002201207
0309050014113001201207
0309050014113002201207
0309050014113003201207
0309050014113004201207
0309050014134001201207
0309050022113001201207
0309050022113002201207
0309050022113003201207
0309050022113004201207
0309050022134001201207
0309050030113001201207
0309050030113002201207
0309050030113003201207
0309050030113004201207
0309050030134003201207
0403010047105001201207
0403010047105002201207
0403010047105003201207
0403010047105004201207
0403010047105005201207
0403010047132005201207
0403010055105001201207
0403010055105002201207
0403010055105003201207
0403010055105004201207
0403010055105005201207
0403010055132005201207
0403010071105001201207
0403010071105002201207
0403010071105003201207
0403010071105004201207
0403010071105005201207
0403010071132005201207
0403010110105001201207
0403010110105002201207
0403010110105003201207
0403010110105004201207
0403010110105005201207
0403010110132005201207
0403010128105001201207
0403010128105002201207
0403010128105003201207
0403010128105004201207
0403010128105005201207
0403010128132005201207
0403010136105001201207
0403010136105002201207
0403010136105003201207
0403010136105004201207
0403010136105005201207
0403010144105001201207
0403010144105002201207
0403010144105003201207
0403010144105004201207
0403010144105005201207
0403010144132005201207
0403010217105001201207
0403010217105002201207
0403010217105003201207
0403010217105004201207
0403010217105005201207
0403010225105001201207
0403010225105002201207
0403010225105003201207
0403010225105004201207
0403010225105005201207
0403010233105001201207
0403010233105002201207
0403010233105003201207
0403010233105004201207
0403010233105005201207
0403010241105001201207
0403010241105002201207
0403010241105003201207
0403010241105004201207
0403010241105005201207
0403010241132005201207
0403010250105001201207
0403010250105002201207
0403010250105003201207
0403010250105004201207
0403010250105005201207
0403010250132005201207
0403010292105001201207
0403010292105002201207
0403010292105003201207
0403010292105004201207
0403010292105005201207
0403010292132005201207
0403010330105001201207
0403010330105002201207
0403010330105003201207
0403010330105004201207
0403010330105005201207
0403010357105001201207
0403010357105002201207
0403010357105003201207
0403010357105004201207
0403010357105005201207
0403010357132005201207
0403020018105001201207
0403020018105002201207
0403020018105003201207
0403020018105004201207
0403020018105005201207
0403020018132005201207
0403020018155001201207
0403020018155002201207
0403020026105001201207
0403020026105002201207
0403020026105003201207
0403020026105004201207
0403020026105005201207
0403020026132005201207
0403020026155001201207
0403020026155002201207
0403020034105001201207
0403020034105002201207
0403020034105003201207
0403020034105004201207
0403020034105005201207
0403020034132005201207
0403020034155001201207
0403020034155002201207
0403020042105001201207
0403020042105002201207
0403020042105003201207
0403020042105004201207
0403020042105005201207
0403020042132005201207
0403020042155001201207
0403020042155002201207
0403020050105001201207
0403020050105002201207
0403020050105003201207
0403020050105004201207
0403020050105005201207
0403020050132005201207
0403020050155001201207
0403020050155002201207
0403020069105001201207
0403020069105002201207
0403020069105003201207
0403020069105004201207
0403020069105005201207
0403020069132005201207
0403020069155001201207
0403020069155002201207
0403020093105001201207
0403020093105002201207
0403020093105003201207
0403020093105004201207
0403020093105005201207
0403020093132005201207
0403020115105001201207
0403020115105002201207
0403020115105003201207
0403020115105004201207
0403020115105005201207
0403020115132005201207
0403020115155001201207
0403020115155002201207
0403020131105001201207
0403020131105002201207
0403020131105003201207
0403020131105004201207
0403020131105005201207
0403020131132005201207
0403020131155001201207
0403020131155002201207
0403030013105001201207
0403030013105002201207
0403030013105003201207
0403030013105004201207
0403030013105005201207
0403030013132005201207
0403030021105001201207
0403030021105002201207
0403030021105003201207
0403030021105004201207
0403030021105005201207
0403030021132005201207
0403030030105001201207
0403030030105002201207
0403030030105003201207
0403030030105004201207
0403030030105005201207
0403030030132005201207
0403030048105001201207
0403030048105002201207
0403030048105003201207
0403030048105004201207
0403030048105005201207
0403030048132005201207
0403030056105001201207
0403030056105002201207
0403030056105003201207
0403030056105004201207
0403030056105005201207
0403030056132005201207
0403030064105001201207
0403030064105002201207
0403030064105003201207
0403030064105004201207
0403030064105005201207
0403030064132005201207
0403030080105001201207
0403030080105002201207
0403030080105003201207
0403030080105004201207
0403030080105005201207
0403030080132005201207
0403030099105001201207
0403030099105002201207
0403030099105003201207
0403030099105004201207
0403030099105005201207
0403030099132005201207
0403030102105001201207
0403030102105002201207
0403030102105003201207
0403030102105004201207
0403030102105005201207
0403030102132005201207
0403030110105001201207
0403030110105002201207
0403030110105003201207
0403030110105004201207
0403030110105005201207
0403030110132005201207
0403030129105001201207
0403030129105002201207
0403030129105003201207
0403030129105004201207
0403030129105005201207
0403030129132005201207
0403030137105001201207
0403030137105002201207
0403030137105003201207
0403030137105004201207
0403030137105005201207
0403030137132005201207
0403030145105001201207
0403030145105002201207
0403030145105003201207
0403030145105004201207
0403030145105005201207
0403030145132005201207
0403030153105001201207
0403030153105002201207
0403030153105003201207
0403030153105004201207
0403030153105005201207
0403030153132005201207
0403030161105001201207
0403030161105002201207
0403030161105003201207
0403030161105004201207
0403030161105005201207
0403030161132005201207
0403040019105001201207
0403040019105002201207
0403040019105003201207
0403040019105004201207
0403040019105005201207
0403040027105001201207
0403040027105002201207
0403040027105003201207
0403040027105004201207
0403040027105005201207
0403040027132005201207
0403040051105001201207
0403040051105002201207
0403040051105003201207
0403040051105004201207
0403040051105005201207
0403040060105001201207
0403040060105002201207
0403040060105003201207
0403040060105004201207
0403040060105005201207
0403040078105001201207
0403040078105002201207
0403040078105003201207
0403040078105004201207
0403040078105005201207
0403040086105001201207
0403040086105002201207
0403040086105003201207
0403040086105004201207
0403040086105005201207
0403040086132005201207
0403040094105001201207
0403040094105002201207
0403040094105003201207
0403040094105004201207
0403040094105005201207
0403040108105001201207
0403040108105002201207
0403040108105003201207
0403040108105004201207
0403040108105005201207
0403040116105001201207
0403040116105002201207
0403040116105003201207
0403040116105004201207
0403040116105005201207
0403040124105001201207
0403040124105002201207
0403040124105003201207
0403040124105004201207
0403040124105005201207
0403050030105001201207
0403050030105002201207
0403050030105003201207
0403050030105004201207
0403050030105005201207
0403050030132005201207
0403050049105001201207
0403050049105002201207
0403050049105003201207
0403050049105004201207
0403050049105005201207
0403050049132005201207
0403050057105008201207
0403050065105001201207
0403050065105002201207
0403050065105003201207
0403050065105004201207
0403050065105005201207
0403050065132005201207
0403050073105001201207
0403050073105002201207
0403050073105003201207
0403050073105004201207
0403050073105005201207
0403050073132005201207
0403050090105001201207
0403050090105002201207
0403050090105003201207
0403050090105004201207
0403050090105005201207
0403050090132005201207
0403050103105001201207
0403050103105002201207
0403050103105003201207
0403050103105004201207
0403050103105005201207
0403050103132005201207
0403050154105001201207
0403050154105002201207
0403050154105003201207
0403050154105004201207
0403050154105005201207
0403050154132005201207
0403050162105001201207
0403050162105002201207
0403050162105003201207
0403050162105004201207
0403050162105005201207
0403050162132005201207
0403060010105006201207
0403060028105006201207
0403060036105006201207
0403060044105006201207
0403060052105006201207
0403060060105006201207
0403060079105006201207
0403060087105006201207
0403060095105006201207
0403070015105007201207
0403070040105007201207
0403070058105007201207
0403070082105007201207
0403070090105007201207
0403070104105007201207
0403070112105007201207
0403070120105007201207
0403070139105007201207
0403070139132005201207
0403070147105007201207
0403070155105007201207
0403070163105007201207
0403080010105008201207
0403080029105008201207
0403080037105008201207
0403080045105008201207
0403080053105008201207
0403080061105008201207
0403080070105008201207
0403080088105008201207
0403080096105008201207
0403080100105008201207
0404020445114006201207
0405010010131003201207
0405010028131003201207
0405010036131003201207
0405010044131003201207
0405010052131003201207
0405010060131003201207
0405010079131003201207
0405010087131003201207
0405010109131003201207
0405010117131003201207
0405010125131003201207
0405010125132001201207
0405010125132005201207
0405010133131003201207
0405010133132001201207
0405010133132005201207
0405010141131003201207
0405010150131003201207
0405010168131003201207
0405010176131003201207
0405010184131003201207
0405010192131003201207
0405010206131003201207
0405020015131003201207
0405020023131003201207
0405030010131003201207
0405030010132001201207
0405030010132005201207
0405030029131003201207
0405030037131003201207
0405030045131003201207
0405030053131003201207
0405030070131003201207
0405030096131003201207
0405030100131003201207
0405030118131003201207
0405030126131003201207
0405030126132001201207
0405030126132005201207
0405030134131003201207
0405030142131003201207
0405030150131003201207
0405030169131003201207
0405030177131003201207
0405030185131003201207
0405030193131003201207
0405030207131003201207
0405030215131003201207
0405030223131003201207
0405030231131003201207
0405040016131003201207
0405040024131003201207
0405040024132001201207
0405040024132005201207
0405040040131003201207
0405040059131003201207
0405040067131003201207
0405040067132001201207
0405040067132005201207
0405040075131003201207
0405040075132001201207
0405040075132005201207
0405040083131003201207
0405040083132001201207
0405040083132005201207
0405040091131003201207
0405040091132001201207
0405040091132005201207
0405040105131003201207
0405040130131003201207
0405040148131003201207
0405040148132001201207
0405040148132005201207
0405040156131003201207
0405040156132001201207
0405040156132005201207
0405040164131003201207
0405040164132001201207
0405040164132005201207
0405040180131003201207
0405040199131003201207
0405040202131003201207
0405040210131003201207
0405050011131003201207
0405050020131003201207
0405050038131003201207
0405050046131003201207
0405050054131003201207
0405050062131003201207
0405050070131003201207
0405050089131003201207
0405050089132001201207
0405050089132005201207
0405050097131003201207
0405050100131003201207
0405050119131003201207
0405050127131003201207
0405050135131003201207
0405050143131003201207
0405050151131003201207
0405050160131003201207
0405050178131003201207
0405050186131003201207
0405050194131003201207
0405050208131003201207
0405050208132001201207
0405050208132005201207
0405050216131003201207
0405050224131003201207
0405050232131003201207
0405050240131003201207
0405050259131003201207
0405050267131003201207
0405050283131003201207
0405050291131003201207
0405050305131003201207
0405050313131003201207
0405050321131003201207
0405050356131003201207
0405050364131003201207
0405050372131003201207
0405050380131003201207
0405050399131003201207
0406010013116003201207
0406010021116002201207
0406010021116003201207
0406010048116002201207
0406010048116003201207
0406010056116002201207
0406010056116003201207
0406010064116002201207
0406010064116003201207
0406010072116002201207
0406010072116003201207
0406010080116002201207
0406010080116003201207
0406010099116002201207
0406010099116003201207
0406010137116002201207
0406010137116003201207
0406010137116004201207
0406010153116003201207
0406010161116002201207
0406010161116003201207
0406010170116002201207
0406010170116003201207
0406010188116002201207
0406010188116003201207
0406010196116003201207
0406010200116002201207
0406010200116003201207
0406010218116002201207
0406010218116003201207
0406010226116003201207
0406010234116002201207
0406010234116003201207
0406010242116002201207
0406010242116003201207
0406010250116003201207
0406010269116003201207
0406010277116003201207
0406010285116003201207
0406010293116002201207
0406010293116003201207
0406010307116002201207
0406010307116003201207
0406010315116002201207
0406010315116003201207
0406010323116002201207
0406010323116003201207
0406010331116003201207
0406010340116002201207
0406010340116003201207
0406010358116002201207
0406010358116003201207
0406010366116003201207
0406010374116003201207
0406010382116002201207
0406010382116003201207
0406010390116002201207
0406010390116003201207
0406010404116002201207
0406010404116003201207
0406010420116003201207
0406010439116002201207
0406010439116003201207
0406010447116003201207
0406010455116002201207
0406010455116003201207
0406010463116003201207
0406010471116003201207
0406010480116002201207
0406010480116003201207
0406010498116003201207
0406010501116002201207
0406010501116003201207
0406010528116002201207
0406010528116003201207
0406010536116002201207
0406010536116003201207
0406010544116002201207
0406010544116003201207
0406010552116002201207
0406010552116003201207
0406010560116002201207
0406010560116003201207
0406010579116002201207
0406010579116003201207
0406010617116002201207
0406010617116005201207
0406010722116002201207
0406011230116002201207
0406011230116003201207
0406011249116002201207
0406011249116003201207
0406011257116002201207
0406011257116003201207
0407010122127001201207
0407010173127001201207
0407010181127001201207
0407030085121006201207
0407030093121006201207
0407030107121006201207
0407030115121006201207
0407030239121006201207
0409010189130002201207
0413010015117002201207
0413010015140001201207
0413010015140002201207
0413010031117002201207
0413010040117002201207
0413010058117002201207
0413010066117002201207
0413010066140001201207
0413010066140002201207
0413010074117002201207
0413010082117002201207
0413010082140001201207
0413010082140002201207
0413010090117002201207
0413010090140001201207
0413010090140002201207
0413010090140003201207
0413030016117001201207
0413030024117001201207
0413030032117001201207
0413030040117001201207
0413030040117003201207
0413030059117001201207
0413030067117001201207
0413030075117001201207
0413030083117001201207
0413040038127001201207
0413040054127001201207
0413040062127001201207
0413040070127001201207
0413040089127001201207
0415020018127001201207
0416010016132005201207
0416010024132005201207
0416010032132005201207
0416010040132005201207
0416010059132005201207
0416010067132005201207
0416010075132005201207
0416010083132005201207
0416010091132005201207
0416010105132005201207
0416010113132005201207
0416010121132005201207
0416010130132005201207
0416010148132005201207
0416010156132005201207
0416010164132005201207
0416010172132005201207
0416010180132005201207
0416010199132005201207
0416020011132005201207
0416020020132005201207
0416020038132005201207
0416020046132005201207
0416020054132005201207
0416020062132005201207
0416020070132005201207
0416020089132005201207
0416020097132005201207
0416020100132005201207
0416020119132005201207
0416020127132005201207
0416020135132005201207
0416020143132005201207
0416030017132005201207
0416030025132005201207
0416030033132005201207
0416030041132005201207
0416030050132005201207
0416030068132005201207
0416030076132005201207
0416030084132005201207
0416030092132005201207
0416030106132005201207
0416030114132005201207
0416030122132005201207
0416030130132005201207
0416040012132005201207
0416040020132005201207
0416040039132005201207
0416040047132005201207
0416040055132005201207
0416040063132005201207
0416040071132005201207
0416040080132005201207
0416040098132005201207
0416040101132005201207
0416040110132005201207
0416040128132005201207
0416040136132005201207
0416040144132005201207
0416040152132005201207
0416040160132005201207
0416040179132005201207
0416040187132005201207
0416040195132005201207
0416050018132005201207
0416050026132005201207
0416050034132005201207
0416050042132005201207
0416050050132005201207
0416050069132005201207
0416050077132005201207
0416050085132005201207
0416060013132005201207
0416060021132005201207
0416060030132005201207
0416060048132005201207
0416060056132005201207
0416060064132005201207
0416060072132005201207
0416060080132005201207
0416060099132005201207
0416060102132005201207
0416070027132005201207
0416070035132005201207
0416080014132005201207
0416080022132005201207
0416080030132005201207
0416080049132005201207
0416080057132005201207
0416080065132005201207
0416080073132005201207
0416080081132005201207
0416080090132005201207
0416080103132005201207
0416090010132005201207
0416090028132005201207
0416090036132005201207
0416090044132005201207
0416090052132005201207
0416090060132005201207
0416090079132005201207
0416090087132005201207
0416090095132005201207
0416090109132005201207
0416110010132005201207
0416110029132005201207
0416110037132005201207
0416110045132005201207
0416110053132005201207
0416120016132005201207
0416120024132005201207
0416120032132005201207
0416120040132005201207
0416120059132005201207
0416130011132005201207
0416130020132005201207
0416130038132005201207
0416130046132005201207
0416130054132005201207
0416130062132005201207
0418010013150002201207
0418010021150002201207
0418010030150001201207
0418010048130003201207
0418010064130003201207
0418010080130003201207
0418010099130003201207
0418020019130003201207
0418020027130003201207
0418020035130003201207
0501010017128001201207
0501060014121001201207
0501060014121007201207
0501060014149015201207
0501060022149015201207
0501060022151001201207
0501060022151003201207
0501060030121002201207
0501060030121008201207
0501060030149015201207
0501060049122004201207
0501060049122008201207
0501060049149015201207
0501060057121001201207
0501060057121002201207
0501060057121007201207
0501060057121008201207
0501060057122004201207
0501060057122008201207
0501060057149015201207
0501060057151001201207
0501060057151003201207
0501070028145003201207
0501070036145003201207
0501080031145008201207
0502010010149015201207
0502010029149015201207
0503010014149015201207
0503010022149015201207
0503030015149015201207
0503030023149015201207
0503030031149015201207
0503030040149015201207
0503030058149015201207
0503030058149016201207
0503030066149015201207
0503030074149015201207
0503030082149015201207
0503030090149015201207
0503030104149015201207
0503040010149015201207
0503040029149015201207
0503040037149015201207
0503040045149015201207
0503040053149015201207
0503040061149015201207
0503040088149015201207
0504020013154002201207
0504020021154002201207
0504020030154002201207
0504020048154002201207
0504020056154002201207
0504030019154001201207
0504030027154001201207
0506010023149014201207
0506010058149015201207
0602010012125004201207
0602010020125004201207
0602010039125004201207
0602010047125004201207
0602010055125004201207
0602010063125004201207
0602010071125004201207
0602010080125004201207
0602010098125004201207
0602010110125004201207
0602010128125004201207
0602010136125004201207
0602010144125004201207
0602010152125004201207
0602010160125004201207
0603010016125006201207
0603020011125006201207
0603020020125006201207
0603020038125006201207
0603020046125006201207
0603020054125006201207
0603020062125006201207
0603020070125006201207
0603020089125006201207
0603020097125006201207
0603020100125006201207
0603030017125006201207
0603030025125006201207
0603030033125006201207
0603030041125006201207
0603040012125006201207
0603050018125006201207
0603050026125006201207
0603050034125006201207
0603050042125006201207
0603050050125006201207
0603050069125006201207
0603050077125006201207
0603050085125006201207
0603050093125006201207
0603050107125006201207
0603060013125006201207
0603070019125006201207
0603070027125006201207
0603070035125006201207
0603070043125006201207
0603070051125006201207
0603080014125006201207
0603080022125006201207
0603080030125006201207
0603080049125006201207
0603080057125006201207
0603080065125006201207
0603080073125006201207
0603080081125006201207
0603080090125006201207
0603080103125006201207
0603080111125006201207
0603080120125006201207
0603080138125006201207
0603080146125006201207
0603080154125006201207
0603080162125006201207
0603080170125006201207
0603080189125006201207
0603080197125006201207
0603080200125006201207
0603080219125006201207
0603080227125006201207
0604010010125001201207
0604010028125001201207
0604010036125001201207
0604010044125001201207
0604010052125001201207
0604010060125001201207
0604010079125001201207
0604010087125001201207
0604010095125001201207
0604020015125001201207
0604020023125001201207
0604020031125001201207
0604020040125001201207
0604020058125001201207
0604030010125001201207
0604030029125001201207
0604030037125001201207
0604030045125001201207
0604030053125001201207
0604030061125001201207
0604040016125001201207
0604040024125001201207
0604040032125001201207
0604040040125001201207
0604040059125001201207
0604040067125001201207
0604040075125001201207
0604040083125001201207
0604040091125001201207
0604050011125001201207
0604050020125001201207
0604050038125001201207
0604050046125001201207
0604050054125001201207
0604050062125001201207
0604050070125001201207
0604050089125001201207
0604050097125001201207
0604050100125001201207
0604050119125001201207
0604060017125001201207
0604060025125001201207
0604070012125001201207
0604080018125001201207
0604080026125001201207
0604090013125001201207
0604100019125001201207
0604110014125001201207
0604110022125001201207
0604110030125001201207
0604110049125001201207
0604110057125001201207
0604110065125001201207
0604120010125001201207
0604130015125001201207
0604130023125001201207
0604130031125001201207
0604130040125001201207
0604130058125001201207
0604130066125001201207
0604130074125001201207
0604130082125001201207
0604130090125001201207
0604130104125001201207
0604130112125001201207
0604140010125001201207
0604140029125001201207
0604140037125001201207
0604150016125001201207
0604150024125001201207
0604160011125001201207
0604160020125001201207
0604160038125001201207
0604160046125001201207
0604160054125001201207
0604170017125001201207
0604170025125001201207
0604170033125001201207
0604170041125001201207
0604170050125001201207
0604180012125001201207
0604180020125001201207
0604190018125001201207
0604200013125001201207
0604210019125001201207
0604210027125001201207
0604220014125001201207
0604230010125001201207
0604230028125001201207
0604230036125001201207
0604230044125001201207
0604230052125001201207
0604230060125001201207
0604230079125001201207
0604230087125001201207
0604240015125001201207
0604240023125001201207
0604240031125001201207
0604240040125001201207
0604240058125001201207
0604250010125001201207
0604250029125001201207
0604260016125001201207
0604270011125001201207
0604270020125001201207
0604270038125001201207
0604270046125001201207
0604270054125001201207
0604270062125001201207
0604270070125001201207
0604270089125001201207
0604280017125001201207
0604280025125001201207
0604280033125001201207
0604280041125001201207
0604280050125001201207
0604280068125001201207
0604280076125001201207
0604280084125001201207
0604280092125001201207
0604280106125001201207
0604290012125001201207
0604290020125001201207
0604290039125001201207
0604290047125001201207
0604290055125001201207
0604300018125001201207
0604300026125001201207
0604300034125001201207
0604310013125001201207
0604310021125001201207
0604310030125001201207
0604310048125001201207
0604310056125001201207
0604310064125001201207
0604320019125001201207
0604320027125001201207
0604320035125001201207
0604320043125001201207
0604320051125001201207
0604320060125001201207
0604320078125001201207
0604320086125001201207
0604320094125001201207
0604320108125001201207
0604320116125001201207
0604330014125001201207
0604340010125001201207
0604340028125001201207
0604340036125001201207
0604340044125001201207
0604340052125001201207
0604340060125001201207
0604340079125001201207
0604350015125001201207
0604360010125001201207
0604360029125001201207
0604360037125001201207
0604360045125001201207
0604360053125001201207
0604360061125001201207
0604360070125001201207
0604360088125001201207
0604360096125001201207
0604360100125001201207
0604360118125001201207
0604360126125001201207
0604370016125001201207
0604370024125001201207
0604380011125001201207
0604380020125001201207
0604380038125001201207
0604380046125001201207
0604380054125001201207
0604380062125001201207
0604390017125001201207
0604390025125001201207
0604390033125001201207
0604390041125001201207
0604390050125001201207
0604390068125001201207
0604390076125001201207
0604390084125001201207
0604390092125001201207
0604390106125001201207
0604390114125001201207
0604400012125001201207
0604410018125001201207
0604410026125001201207
0604410034125001201207
0604420013125001201207
0604430019125001201207
0604440014125001201207
0604450010125001201207
0604460015125001201207
0604460023125001201207
0604460031125001201207
0604460040125001201207
0604460058125001201207
0604460066125001201207
0604470010125001201207
0604470029125001201207
0604470037125001201207
0604470045125001201207
0604470053125001201207
0604480016125001201207
0604490011125001201207
0604490020125001201207
0604500017125001201207
0604500025125001201207
0604500033125001201207
0604500041125001201207
0604500050125001201207
0604500068125001201207
0604500076125001201207
0604500084125001201207
0604510012125001201207
0604510020125001201207
0604510039125001201207
0604520018125001201207
0604530013125001201207
0604530021125001201207
0604530030125001201207
0604530048125001201207
0604540019125001201207
0604550014125001201207
0604550022125001201207
0604560010125001201207
0604570015125001201207
0604570023125001201207
0604570031125001201207
0604580010125001201207
0604580029125001201207
0604580037125001201207
0604580045125001201207
0604580053125001201207
0604580061125001201207
0604590016125001201207
0604590024125001201207
0604600011125001201207
0604600020125001201207
0604610017125001201207
0604610025125001201207
0604620012125001201207
0604620020125001201207
0604620039125001201207
0604620047125001201207
0604630018125001201207
0701010010123001201207
0701010029123001201207
0701010037123001201207
0701010045123001201207
0701010053123001201207
0701010061123001201207
0701010070123001201207
0701010088123001201207
0701010096123001201207
0701010100123001201207
0701010118123001201207
0701010126123001201207
0701010134123001201207
0701010142123001201207
0701010150123001201207
0701010169123001201207
0701010177123001201207
0701020016123002201207
0701020024123002201207
0701020032123002201207
0701020040123002201207
0701020059123002201207
0701020067123002201207
0701020075123002201207
0701020083123002201207
0701020091123002201207
0701020105123002201207
0701020113123002201207
0701020121123002201207
0701020130123002201207
0701020148123002201207
0701020156123002201207
0701020164123002201207
0701020172123002201207
0701020180123002201207
0701020199123002201207
0701020202123002201207
0701020210123002201207
0701020229123002201207
0701020237123002201207
0701020245123002201207
0701020253123002201207
0701020261123002201207
0701020270123002201207
0701020288123002201207
0701020296123002201207
0701020300123002201207
0701020318123002201207
0701020326123002201207
0701020334123002201207
0701020342123002201207
0701020350123002201207
0701020369123002201207
0701020377123002201207
0701020385123002201207
0701020393123002201207
0701020407123002201207
0701020415123002201207
0701020423123002201207
0701020431123002201207
0701020440123002201207
0701020458123002201207
0701020466123002201207
0701020474123002201207
0701020482123002201207
0701020490123002201207
0701020504123002201207
0701020512123002201207
0701020520123002201207
0701020539123002201207
0701020547123002201207
0701020555123002201207
0701020563123002201207
0701030011123003201207
0701030020123003201207
0701030038123003201207
0701030046123003201207
0701030054123003201207
0701030062123003201207
0701030070123003201207
0701030089123003201207
0701030097123003201207
0701030100123003201207
0701030119123003201207
0701030127123003201207
0701030135123003201207
0701030143123003201207
0701030151123003201207
0701030160123003201207
0701030178123003201207
0701030186123003201207
0701030194123003201207
0701030208123003201207
0701030216123003201207
0701030224123003201207
0701030232123003201207
0701030240123003201207
0701030259123003201207
0701030267123003201207
0701030275123003201207
0701030283123003201207
0701030291123003201207
0701040017123004201207
0701040025123004201207
0701040033123004201207
0701040041123004201207
0701040050123004201207
0701040068123004201207
0701040076123012201207
0701040084123012201207
0701040092123004201207
0701040106123004201207
0701040114123004201207
0701040122123004201207
0701040130123004201207
0701050012156001201207
0701050012156002201207
0701050020156001201207
0701050020156002201207
0701050047156001201207
0701050047156002201207
0701060018156001201207
0701060018156002201207
0701060026156001201207
0701060026156002201207
0701060034156001201207
0701060034156002201207
0701060042156001201207
0701060042156002201207
0701070013123007201207
0701070021123007201207
0701070030123007201207
0701070048123007201207
0701070056123007201207
0701070064123007201207
0701070072123007201207
0701070080123007201207
0701070099157001201207
0701070102157001201207
0701070110123007201207
0701070129157001201207
0701070137157001201207
0701070145157001201207
0701070161123007201207
0701070161123008201207
0701070170123007201207
0701070170123008201207
0701080027123008201207
0701080043123008201207
0701080051123008201207
0701080060123008201207
0701080078123008201207
0701080086123008201207
0701080094123008201207
0701080132123008201207
0701080140123008201207
0701080159123008201207
0701080167123008201207
0701080175123008201207
0701080183123008201207
0701080191123008201207
0701090014123009201207
0701090022123009201207
0701090030123009201207
0701090049123009201207
0701090057123009201207
0701090065123009201207
0701090073123009201207
0701090081123009201207
0701090090123009201207
0701100010123010201207
0701100028123010201207
0701100036123010201207
0701100044123010201207
0701100052123010201207
0701100060123010201207
0701100079123010201207
0701100087123010201207
0701100095123010201207
0701100109123010201207
0702070041131002201207
0702070050131002201207
0702100013130001201207
0702100021130001201207
0702100030130001201207
0702100048130001201207
0702100056130001201207
0702100064130001201207
0702100072130001201207
0702100080130001201207
0702100099130001201207
0702100102130001201207
0803010010104004201207
0803010010104005201207
0803010028104004201207
0803010028104005201207
0803010036104005201207
0803010044104004201207
0803010044104005201207
0803010052104004201207
0803010052104005201207
0803010060104005201207
0803010079104004201207
0803010079104005201207
0803010087104004201207
0803010087104005201207
0803010095104004201207
0803010095104005201207
0803010109104004201207
0803010109104005201207
0803010117104004201207
0803010117104005201207
0803010125104004201207
0803010125104005201207
0803010133104005201207
0803010141104005201207
