020101003801201207
020101009701201207
020101009707201207
020101009709201207
020101011901201207
020101011907201207
020101011909201207
020101012701201207
020101013501201207
020101014301201207
020101014307201207
020101014309201207
020101016001201207
020101016009201207
020101018601201207
020101018607201207
020101018609201207
020101020801201207
020101024001201207
020101024007201207
020101024009201207
020101025901201207
020101026701201207
020101026707201207
020101026709201207
020101027503201207
020101027507201207
020101027509201207
020101030501201207
020101030507201207
020101030509201207
020101031301201207
020101031307201207
020101031309201207
020101032101201207
020101032107201207
020101032109201207
020101033001201207
020101033007201207
020101033009201207
020101040201201207
020101040207201207
020101040209201207
020101053401201207
020101055001201207
020101057701201207
020101057707201207
020904003301201207
020904003307201207
020904003309201207
020904005001201207
020904005007201207
020904005009201207
021105009101201207
021105010503201207
021105010507201207
021105010509201207
021105014801201207
030106001003201207
030106001007201207
030106007001201207
030106007003201207
030106007007201207
030106008803201207
030109001703201207
030109001709201207
030109001713201207
030109002503201207
030109002509201207
030109002513201207
030301001003201207
030301001007201207
030301002903201207
030301002907201207
030301003703201207
030301003707201207
030301004503201207
030301004507201207
030301005303201207
030301005307201207
030301006103201207
030301006107201207
030301007003201207
030301007007201207
030301008803201207
030301008807201207
030301009603201207
030301009607201207
030301010003201207
030301010007201207
030301011803201207
030301011807201207
030301012603201207
030301012607201207
030301013403201207
030301013407201207
030301014203201207
030301014207201207
030301015003201207
030301015007201207
030301016903201207
030301016907201207
030301017703201207
030301017707201207
030301018503201207
030301018507201207
030301019303201207
030301019307201207
030301020703201207
030301020707201207
030301021503201207
030301021506201207
030301021507201207
030302003203201207
030302003207201207
030302004003201207
030302004007201207
030302005903201207
030302005907201207
030302006703201207
030302006707201207
030302007503201207
030302007507201207
030302008303201207
030302008307201207
030303001107201207
030303001111201207
030303002003201207
030303002007201207
030303003803201207
030303003807201207
030303004603201207
030303004607201207
030303005403201207
030303005407201207
030303006203201207
030303006207201207
030304001703201207
030304001707201207
030304002503201207
030304002507201207
030304003303201207
030304003307201207
030304004103201207
030304004107201207
030304005003201207
030304005007201207
030304006803201207
030304006807201207
030304007603201207
030304007607201207
030304008401201207
030304008403201207
030304008407201207
030304009201201207
030304009203201207
030304009207201207
030304010603201207
030304010607201207
030304011401201207
030304011403201207
030304011407201207
030304012201201207
030304012203201207
030304012207201207
030304013003201207
030304013007201207
030304014903201207
030304014907201207
030304015703201207
030304015707201207
030304016503201207
030304016507201207
030304017303201207
030304017307201207
030304018103201207
030304019003201207
030304019007201207
030304020303201207
030304020307201207
030304021103201207
030304021107201207
030304022003201207
030304022007201207
030304023803201207
030304023807201207
030304024603201207
030304024607201207
030304025403201207
030304025407201207
030304026203201207
030304026207201207
030304027003201207
030304027007201207
030304028903201207
030304029703201207
030304029707201207
030304030003201207
030305013603201207
030305013607201207
030305014403201207
030305014407201207
030306001803201207
030306001807201207
030306002603201207
030306002607201207
030306003403201207
030306003407201207
030306004203201207
030306004207201207
030306005003201207
030306005007201207
030306006903201207
030306006907201207
030306007703201207
030306007707201207
030306008503201207
030306008507201207
030306009303201207
030306009307201207
030306010703201207
030306010707201207
030306011503201207
030306011507201207
030306012303201207
030306012307201207
030306013103201207
030306013107201207
030306014003201207
030306014007201207
030306015803201207
030306016603201207
030306016607201207
030306017403201207
030306017407201207
030306018203201207
030306018207201207
030306019003201207
030306019007201207
030306020403201207
030306020407201207
030306021203201207
030306021207201207
030306022001201207
030306022003201207
030306022007201207
030306023903201207
030306023907201207
030306024703201207
030306024707201207
030306025503201207
030306026303201207
030306026307201207
030306027103201207
030306027107201207
030306028003201207
030306028007201207
030306029803201207
030306029807201207
030306030103201207
030306030107201207
030307006403201207
030307006407201207
030307007203201207
030307007207201207
030307008003201207
030307008007201207
030307009903201207
030307009907201207
030307010203201207
030307010207201207
030307011003201207
030307011007201207
030307012903201207
030307012907201207
030308004303201207
030308004307201207
030308005103201207
030308005107201207
030308006003201207
030308006007201207
030308007803201207
030308007807201207
030308008603201207
030308008607201207
030308009403201207
030308009407201207
030309013803201207
030309013807201207
030309013809201207
030309019703201207
030309019707201207
030309019709201207
030309023503201207
030309023507201207
030309023509201207
030309031603201207
030309031607201207
030310001002201207
030310001003201207
030310001007201207
030310002802201207
030310002803201207
030310002807201207
030310003602201207
030310003603201207
030310003607201207
030310004402201207
030310004403201207
030310004407201207
030310005202201207
030310005203201207
030310005207201207
030311001503201207
030311001507201207
030311002303201207
030311002307201207
030311003103201207
030311003107201207
030311004003201207
030311004007201207
030311005803201207
030311005807201207
030311006603201207
030311006607201207
030311007403201207
030311007407201207
030311008203201207
030311008207201207
030311009003201207
030311009007201207
030311010403201207
030311010407201207
030311011203201207
030311011207201207
030313001604201207
030313002404201207
030313003204201207
030313004004201207
030313005904201207
030313006704201207
030313007504201207
030313008304201207
030314002003201207
030314002007201207
030314003803201207
030314003807201207
030314004603201207
030314004607201207
030314005403201207
030314005407201207
030314006203201207
030314006207201207
030314007003201207
030314007007201207
030314008903201207
030314008907201207
030314009703201207
030314009707201207
030314010003201207
030314010007201207
030314011903201207
030314011907201207
030314012703201207
030314012707201207
030314013503201207
030314013507201207
030314014303201207
030314014307201207
030314015103201207
030314015107201207
030315001703201207
030315001707201207
030315002503201207
030315002507201207
030315003303201207
030315003307201207
030315004103201207
030315004107201207
030315005003201207
030315005007201207
030315006803201207
030315006807201207
030316001207201207
030316002002201207
030316002003201207
030316002007201207
030316003907201207
030316004707201207
030316005507201207
030316006307201207
030316007107201207
030317001803201207
030317001805201207
030317001807201207
030317002603201207
030317002607201207
030317003403201207
030317003407201207
030317004203201207
030317004207201207
030317005003201207
030317005007201207
030317006903201207
030317006907201207
030317008503201207
030317008505201207
030317008507201207
030317009305201207
030317009307201207
030317010707201207
030317010714201207
030317011502201207
030317011503201207
030317011505201207
030317011507201207
030317012302201207
030317012303201207
030317012305201207
030317012307201207
030318001303201207
030318001307201207
030318003003201207
030318003007201207
030318004803201207
030318004807201207
030318005603201207
030318005607201207
030318006403201207
030318006407201207
030318007207201207
030318007210201207
030319001903201207
030319001907201207
030319001908201207
030401004903201207
030401005703201207
030401006503201207
030401011103201207
030401011107201207
030401016203201207
030401032403201207
030401033203201207
030408002003201207
030408002007201207
030408003903201207
030408003907201207
030408003909201207
030408004703201207
030408006303201207
030409001803201207
030409001807201207
030409002603201207
030409002607201207
030409003403201207
030409003407201207
030409004203201207
030409004207201207
030410001303201207
030410001307201207
030410001309201207
030410002103201207
030410002107201207
030501017403201207
030501017407201207
030502001303201207
030502001307201207
030502002103201207
030502002107201207
030502003003201207
030502003007201207
030502004803201207
030502004807201207
030502005603201207
030502005607201207
030701005801201207
030701005803201207
030701005807201207
030701005809201207
030702003701201207
030702003703201207
030702003707201207
030702003709201207
030702004501201207
030702004503201207
030702004507201207
030702004509201207
030702005301201207
030702005303201207
030702005307201207
030702005309201207
030702006101201207
030702006103201207
030702006107201207
030702006109201207
030702008801201207
030702008803201207
030702008807201207
030702008809201207
030702009601201207
030702009603201207
030702009607201207
030702009609201207
030702010001201207
030702010003201207
030702010007201207
030702010009201207
030702011801201207
030702011803201207
030702011807201207
030702011809201207
030703003201201207
030703003203201207
030703003207201207
030703003209201207
030704001101201207
030704001103201207
030704001107201207
030704001109201207
030704006201201207
030704006203201207
030704006207201207
030704006209201207
030704008901201207
030704008903201207
030704008907201207
030704008909201207
030801001901201207
030801001903201207
030801001907201207
030801002703201207
030801002707201207
030801003501201207
030801003503201207
030801003507201207
030801004301201207
030801004303201207
030801004307201207
030802002203201207
030802002207201207
030802003003201207
030802003007201207
030803001003201207
030803001007201207
030803002803201207
030803002807201207
030803003601201207
030803003603201207
030803003607201207
030803003683201207
030804001501201207
030804001503201207
030804001507201207
030804002303201207
030804002307201207
030901003901201207
030901003903201207
030901003907201207
030901004701201207
030901004703201207
030901005501201207
030901005507201207
030901006301201207
030901006307201207
030901007101201207
030901007103201207
030901008001201207
030901008007201207
030901009801201207
030901009807201207
030901010101201207
030901010103201207
030901010107201207
031001003901201207
031001003902201207
031001003903201207
031001004701201207
031001004702201207
031001004703201207
040102001001201207
040102001007201207
040102002901201207
040102002907201207
040102003701201207
040102003707201207
040102004501201207
040102004507201207
040102004509201207
040102005301201207
040102005307201207
040102005309201207
040102006101201207
040102006107201207
040102006109201207
040102007001201207
040102007007201207
040102007009201207
040102008801201207
040102008807201207
040102008809201207
040102009601201207
040102009607201207
040102009609201207
040102010001201207
040102010007201207
040102010009201207
040102011801201207
040102011807201207
040102012601201207
040102012607201207
040102013401201207
040102014201201207
040102014207201207
040102014209201207
040102015001201207
040102015007201207
040102015009201207
040102016901201207
040102016907201207
040201001901201207
040201001907201207
040201002701201207
040201002707201207
040201003501201207
040201003507201207
040201003509201207
040201004301201207
040201004307201207
040201004309201207
040201005101201207
040201005107201207
040202001401201207
040202001407201207
040202002201201207
040202002207201207
040301001201201207
040301001207201207
040301002001201207
040301002007201207
040301003901201207
040301003907201207
040301004701201207
040301004707201207
040301005501201207
040301005507201207
040301006301201207
040301006307201207
040301007101201207
040301007107201207
040301008001201207
040301008007201207
040301009801201207
040301009807201207
040301010101201207
040301010107201207
040301011001201207
040301011007201207
040301012801201207
040301012807201207
040301013601201207
040301013607201207
040301014401201207
040301014407201207
040301015201201207
040301015207201207
040301016001201207
040301016007201207
040301017901201207
040301017907201207
040301018701201207
040301018707201207
040301019501201207
040301019507201207
040301020901201207
040301020907201207
040301021701201207
040301021707201207
040301022501201207
040301022507201207
040301023301201207
040301023307201207
040301024101201207
040301024107201207
040301025001201207
040301025007201207
040301026801201207
040301026807201207
040301027601201207
040301027607201207
040301028401201207
040301028407201207
040301029201201207
040301029207201207
040301030601201207
040301030607201207
040301031401201207
040301031407201207
040301032201201207
040301032207201207
040301033001201207
040301033007201207
040301034901201207
040301034907201207
040301035701201207
040301035707201207
040301036501201207
040301036507201207
040301039003201207
040301039007201207
040302001801201207
040302001807201207
040302002601201207
040302002607201207
040302003401201207
040302003407201207
040302004201201207
040302004207201207
040302005001201207
040302005007201207
040302006901201207
040302006907201207
040302007701201207
040302007707201207
040302008501201207
040302008507201207
040302009301201207
040302009307201207
040302010701201207
040302010707201207
040302011501201207
040302011507201207
040302012301201207
040302012307201207
040302012309201207
040302013101201207
040302013107201207
040303001301201207
040303001307201207
040303002101201207
040303002107201207
040303003001201207
040303003007201207
040303004801201207
040303004807201207
040303005601201207
040303005607201207
040303006401201207
040303006407201207
040303008001201207
040303008007201207
040303009901201207
040303009907201207
040303010201201207
040303010207201207
040303011001201207
040303011007201207
040303012901201207
040303012907201207
040303013701201207
040303013707201207
040303014501201207
040303014507201207
040303015301201207
040303015307201207
040303016101201207
040303016107201207
040303017001201207
040303017007201207
040304001901201207
040304001907201207
040304002701201207
040304002707201207
040304005101201207
040304005107201207
040304006001201207
040304006007201207
040304007801201207
040304007807201207
040304008601201207
040304008607201207
040304009401201207
040304009407201207
040304010801201207
040304010807201207
040304011601201207
040304011607201207
040304012401201207
040304012407201207
040305003001201207
040305003003201207
040305003007201207
040305004901201207
040305004907201207
040305005701201207
040305006501201207
040305006507201207
040305007301201207
040305007307201207
040305009001201207
040305009007201207
040305010301201207
040305010307201207
040305011101201207
040305011107201207
040305012001201207
040305012007201207
040305013801201207
040305013807201207
040305014601201207
040305014607201207
040305015401201207
040305015407201207
040305016201201207
040306001001201207
040306001007201207
040306002801201207
040306002807201207
040306003601201207
040306003607201207
040306004401201207
040306004407201207
040306005201201207
040306005207201207
040306006001201207
040306006007201207
040306007901201207
040306007907201207
040306008701201207
040306008707201207
040306009501201207
040306009507201207
040307001501201207
040307004001201207
040307004007201207
040307005801201207
040307005807201207
040307008201201207
040307009001201207
040307010401201207
040307011201201207
040307012001201207
040307013901201207
040307013907201207
040307014701201207
040307014707201207
040307015501201207
040307015507201207
040307016301201207
040307016307201207
040308001001201207
040308002901201207
040308003701201207
040308004501201207
040308005301201207
040308005307201207
040308006101201207
040308007001201207
040308007007201207
040308008801201207
040308008807201207
040308009601201207
040308009607201207
040308010001201207
040401001601201207
040401001605201207
040401001609201207
040401002401201207
040401002407201207
040401002409201207
040401003201201207
040401003207201207
040401003209201207
040401004001201207
040401004007201207
040401005901201207
040401005907201207
040401006701201207
040401006707201207
040401008301201207
040401008307201207
040401010501201207
040401010507201207
040401011301201207
040401011307201207
040401012101201207
040401012107201207
040401012109201207
040401013001201207
040401013007201207
040401014801201207
040401014807201207
040401016401201207
040401016407201207
040401017201201207
040401017207201207
040401018001201207
040401018007201207
040401019901201207
040401019907201207
040401020201201207
040401020207201207
040401021001201207
040401021007201207
040401022901201207
040401022907201207
040401023701201207
040401023707201207
040401028801201207
040401028807201207
040401031801201207
040401031807201207
040401031809201207
040401032601201207
040401032607201207
040401033401201207
040401033407201207
040401035001201207
040401035007201207
040401037701201207
040401037707201207
040401038501201207
040401038507201207
040401040701201207
040401040707201207
040401041501201207
040401041507201207
040401041509201207
040401042301201207
040401043101201207
040401043107201207
040401045801201207
040401045807201207
040401046601201207
040401046607201207
040401047401201207
040401047407201207
040401047409201207
040401048201201207
040401048207201207
040401048209201207
040401049001201207
040401049007201207
040401050401201207
040401050407201207
040401051201201207
040401051207201207
040401052001201207
040401052007201207
040401052009201207
040401053901201207
040401053907201207
040401054701201207
040401054707201207
040401055501201207
040401055507201207
040402001101201207
040402001107201207
040402001109201207
040402003801201207
040402003807201207
040402004601201207
040402004607201207
040402004609201207
040402006201201207
040402006207201207
040402007001201207
040402007007201207
040402007009201207
040402008901201207
040402008907201207
040402008909201207
040402010001201207
040402010003201207
040402010007201207
040402010009201207
040402011901201207
040402011907201207
040402011909201207
040402013501201207
040402013507201207
040402014301201207
040402014307201207
040402017801201207
040402017807201207
040402020801201207
040402020807201207
040402022401201207
040402022407201207
040402023201201207
040402023207201207
040402024001201207
040402024007201207
040402027501201207
040402027507201207
040402029101201207
040402029107201207
040402031301201207
040402031307201207
040402031309201207
040402032101201207
040402032107201207
040402034801201207
040402034807201207
040402035601201207
040402035607201207
040402035609201207
040402038001201207
040402038007201207
040402039901201207
040402039907201207
040402042901201207
040402042907201207
040402045301201207
040402045307201207
040402046101201207
040402046107201207
040402047001201207
040402047007201207
040402048801201207
040402048807201207
040402048809201207
040402049601201207
040402049607201207
040402050001201207
040402050007201207
040402051801201207
040402051807201207
040402052601201207
040402052607201207
040402053401201207
040402053407201207
040402054201201207
040402054207201207
040402055001201207
040402055007201207
040402056901201207
040402056907201207
040402057701201207
040402057707201207
040402057709201207
040402058501201207
040402058507201207
040402059301201207
040402059307201207
040402060701201207
040402060707201207
040402064001201207
040402064007201207
040402065801201207
040402065807201207
040402065809201207
040402066601201207
040402066607201207
040402066609201207
040402069001201207
040402069007201207
040402070401201207
040402070407201207
040402071201201207
040402071207201207
040402072001201207
040402072007201207
040402073901201207
040402073907201207
040402077101201207
040402077107201207
040402077109201207
040402078001201207
040402078007201207
040403001701201207
040403001707201207
040403001709201207
040403003301201207
040403003307201207
040403004101201207
040403004107201207
040403004109201207
040403005001201207
040403005007201207
040403006801201207
040403006807201207
040403006809201207
040403007601201207
040403007607201207
040403008401201207
040403008407201207
040403010601201207
040403010607201207
040403012201201207
040403012207201207
040403012209201207
040403013001201207
040403013007201207
040403015701201207
040403015707201207
040403016501201207
040403016507201207
040403017301201207
040403017307201207
040403017309201207
040403019001201207
040403019007201207
040403022001201207
040403022007201207
040403022009201207
040403024601201207
040403024607201207
040403025401201207
040403025407201207
040403026201201207
040403026207201207
040403027001201207
040403027007201207
040403028901201207
040403028907201207
040403029701201207
040403029707201207
040403030001201207
040403030007201207
040403031901201207
040403031907201207
040403032701201207
040403032707201207
040501001001201207
040501001007201207
040501001009201207
040501002801201207
040501002807201207
040501002809201207
040501003601201207
040501003607201207
040501003609201207
040501007901201207
040501007907201207
040501007909201207
040501008701201207
040501008707201207
040501008709201207
040501011701201207
040501011707201207
040501011709201207
040501012501201207
040501012507201207
040501012509201207
040501013301201207
040501013307201207
040501013309201207
040501015001201207
040501015007201207
040501015009201207
040501017601201207
040501017607201207
040501017609201207
040502001501201207
040502001507201207
040502001509201207
040502002301201207
040502002307201207
040502002309201207
040503001001201207
040503001007201207
040503001009201207
040503002901201207
040503002907201207
040503002909201207
040503007001201207
040503007007201207
040503007009201207
040503009601201207
040503009607201207
040503009609201207
040503011801201207
040503011807201207
040503011809201207
040503013401201207
040503013407201207
040503013409201207
040503014201201207
040503014207201207
040503014209201207
040503016901201207
040503016907201207
040503016909201207
040503017701201207
040503017707201207
040503017709201207
040503018501201207
040503018507201207
040503019301201207
040503019307201207
040503020701201207
040503020707201207
040503020709201207
040504001601201207
040504001607201207
040504001609201207
040504002401201207
040504002407201207
040504002409201207
040504004001201207
040504004007201207
040504004009201207
040504005901201207
040504005907201207
040504005909201207
040504006701201207
040504006707201207
040504006709201207
040504007501201207
040504007507201207
040504007509201207
040504008301201207
040504008307201207
040504008309201207
040504009101201207
040504009107201207
040504009109201207
040504010501201207
040504010507201207
040504010509201207
040504014801201207
040504014807201207
040504014809201207
040504015601201207
040504015607201207
040504015609201207
040504016401201207
040504016407201207
040504016409201207
040504018001201207
040504018007201207
040504020201201207
040504020207201207
040504020209201207
040504021001201207
040504021007201207
040504021009201207
040505001101201207
040505001107201207
040505001109201207
040505004601201207
040505004607201207
040505004609201207
040505005401201207
040505005407201207
040505005409201207
040505009701201207
040505009707201207
040505009709201207
040505010001201207
040505010007201207
040505010009201207
040505011901201207
040505011907201207
040505011909201207
040505013501201207
040505013507201207
040505013509201207
040505014301201207
040505014307201207
040505014309201207
040505015101201207
040505015107201207
040505015109201207
040505018601201207
040505018607201207
040505018609201207
040505021601201207
040505021607201207
040505021609201207
040505022401201207
040505022407201207
040505022409201207
040505023201201207
040505023207201207
040505023209201207
040505031301201207
040505031307201207
040505031309201207
040505032101201207
040505032107201207
040505032109201207
040505035601201207
040505035607201207
040505035609201207
040505037201201207
040505037207201207
040505037209201207
040505038001201207
040505038007201207
040505038009201207
040505039901201207
040505039907201207
040505039909201207
040601001301201207
040601001307201207
040601002101201207
040601002107201207
040601003001201207
040601003007201207
040601004801201207
040601004807201207
040601005601201207
040601005607201207
040601006401201207
040601006407201207
040601007201201207
040601007207201207
040601008001201207
040601009901201207
040601009907201207
040601010201201207
040601010207201207
040601011001201207
040601011007201207
040601013701201207
040601013707201207
040601015301201207
040601015307201207
040601016101201207
040601017001201207
040601017007201207
040601018801201207
040601018807201207
040601019601201207
040601019607201207
040601020001201207
040601020007201207
040601021801201207
040601021807201207
040601022601201207
040601022607201207
040601023401201207
040601023407201207
040601024201201207
040601024207201207
040601025001201207
040601025007201207
040601026901201207
040601026907201207
040601027701201207
040601027707201207
040601028501201207
040601028507201207
040601029301201207
040601029307201207
040601030701201207
040601030707201207
040601031501201207
040601031507201207
040601032301201207
040601032307201207
040601033101201207
040601033107201207
040601034001201207
040601034007201207
040601035801201207
040601035807201207
040601036601201207
040601036607201207
040601037401201207
040601037407201207
040601038201201207
040601038207201207
040601039001201207
040601039007201207
040601040401201207
040601040407201207
040601041201201207
040601041207201207
040601042001201207
040601042007201207
040601043901201207
040601043907201207
040601044701201207
040601044707201207
040601045501201207
040601045507201207
040601046301201207
040601046307201207
040601047101201207
040601047107201207
040601048001201207
040601048007201207
040601049801201207
040601049807201207
040601050101201207
040601050107201207
040601051001201207
040601051007201207
040601052801201207
040601052807201207
040601053601201207
040601053607201207
040601054401201207
040601054407201207
040601055201201207
040601055207201207
040601056001201207
040601056007201207
040601057901201207
040601058701201207
040601059501201207
040601060901201207
040601061701201207
040601062501201207
040601063301201207
040601064101201207
040601064107201207
040601065001201207
040601066801201207
040601066807201207
040601067601201207
040601067607201207
040601068401201207
040601068407201207
040601069201201207
040601069207201207
040601070601201207
040601071401201207
040601071407201207
040601073001201207
040601073007201207
040601075701201207
040601075707201207
040601076501201207
040601076507201207
040601077301201207
040601077307201207
040601078101201207
040601078107201207
040601079001201207
040601080301201207
040601080307201207
040601081101201207
040601082001201207
040601082007201207
040601083801201207
040601084601201207
040601085401201207
040601086201201207
040601087001201207
040601088901201207
040601089701201207
040601089707201207
040601090001201207
040601090007201207
040601091901201207
040601091907201207
040601092701201207
040601093501201207
040601094301201207
040601095101201207
040601096001201207
040601096003201207
040601096007201207
040601097801201207
040601097803201207
040601097807201207
040601098601201207
040601099401201207
040601100101201207
040601101001201207
040601102801201207
040601103601201207
040601104401201207
040601104407201207
040601105201201207
040601107901201207
040601108701201207
040601109501201207
040601110901201207
040601111701201207
040601112501201207
040601113301201207
040601113307201207
040601114101201207
040601115001201207
040601115007201207
040601116801201207
040601117601201207
040601118401201207
040601119201201207
040601120601201207
040601121401201207
040601121407201207
040601122201201207
040601122207201207
040601123001201207
040601124901201207
040601125701201207
040602001901201207
040602001907201207
040602002701201207
040602002707201207
040602003501201207
040602003507201207
040602004301201207
040602004307201207
040602005101201207
040602005107201207
040602007801201207
040602007807201207
040602007809201207
040602010801201207
040602011601201207
040602011607201207
040602012401201207
040602012407201207
040602015901201207
040602015907201207
040602015909201207
040602016701201207
040602016707201207
040602019101201207
040602019107201207
040602021301201207
040602022101201207
040602023001201207
040602024801201207
040602024807201207
040602025601201207
040602025607201207
040602026401201207
040602026407201207
040602027201201207
040602027207201207
040602028001201207
040602028007201207
040602030201201207
040602030207201207
040602031001201207
040602031007201207
040602032901201207
040602032907201207
040602033701201207
040602033707201207
040602034501201207
040602034507201207
040602035301201207
040602035307201207
040602036101201207
040602036107201207
040602037001201207
040602037007201207
040602038801201207
040602038807201207
040602039601201207
040602039607201207
040602040001201207
040602040007201207
040602041801201207
040602041807201207
040602042601201207
040602042607201207
040602043401201207
040602043407201207
040602044201201207
040602044207201207
040602045001201207
040602046901201207
040602046907201207
040602047701201207
040602047707201207
040602048501201207
040602048507201207
040602049301201207
040602049307201207
040602050701201207
040602050707201207
040602051501201207
040602051507201207
040602052301201207
040602053101201207
040602053107201207
040602054001201207
040602054007201207
040602055801201207
040602055807201207
040602056601201207
040602056607201207
040602057401201207
040602057407201207
040602058201201207
040602058207201207
040602059001201207
040602059007201207
040602060401201207
040602060407201207
040602062001201207
040602062003201207
040602062007201207
040602062009201207
040603001401201207
040603002201201207
040603003001201207
040603004901201207
040603005701201207
040603005707201207
040603006501201207
040603007301201207
040603008101201207
040603008107201207
040603009001201207
040603009007201207
040603010301201207
040603010307201207
040603011101201207
040603011107201207
040603012001201207
040603012007201207
040603013801201207
040603013807201207
040603014601201207
040603014607201207
040604001001201207
040604001007201207
040604002801201207
040604002807201207
040604004401201207
040604004407201207
040604005201201207
040604005207201207
040604006001201207
040604006007201207
040604007901201207
040604007907201207
040604008701201207
040604009501201207
040604010901201207
040604010907201207
040604011701201207
040604011707201207
040604012501201207
040604012507201207
040604013301201207
040604014101201207
040604014107201207
040604015001201207
040604016801201207
040604017601201207
040604018401201207
040604019201201207
040604019207201207
040604020601201207
040604020607201207
040604021401201207
040604021407201207
040604022201201207
040604022207201207
040604023001201207
040604023007201207
040604024901201207
040604024907201207
040604025701201207
040604025707201207
040604026501201207
040604026507201207
040604027301201207
040604027307201207
040604028101201207
040604029001201207
040604029007201207
040604030301201207
040604030307201207
040604031101201207
040604031107201207
040604032001201207
040604032007201207
040604033801201207
040604033807201207
040605001501201207
040605001507201207
040605002301201207
040605002307201207
040605003101201207
040605003107201207
040605004001201207
040605004007201207
040605005801201207
040605005807201207
040605006601201207
040605006607201207
040605007401201207
040605007407201207
040605008201201207
040605008207201207
040605009001201207
040605009007201207
040605010401201207
040605010407201207
040605011201201207
040605012001201207
040605012007201207
040605013901201207
040605013907201207
040701001701201207
040701001707201207
040701003301201207
040701003307201207
040701004101201207
040701005001201207
040701005007201207
040701006801201207
040701006807201207
040701007601201207
040701008401201207
040701008407201207
040701009201201207
040701009207201207
040701010601201207
040701010607201207
040701011401201207
040701011407201207
040701012201201207
040701013001201207
040701014901201207
040701015701201207
040701015707201207
040701016501201207
040701016507201207
040701017301201207
040701018101201207
040701019001201207
040701019007201207
040701020301201207
040701020307201207
040701021101201207
040701021107201207
040701022001201207
040701022007201207
040701023801201207
040701023807201207
040701027001201207
040701027007201207
040701028901201207
040701029701201207
040701029707201207
040701030001201207
040701033501201207
040701033507201207
040701034301201207
040701034307201207
040701035101201207
040701035107201207
040702001201201207
040702002001201207
040702003901201207
040702003907201207
040702004701201207
040702004707201207
040702006301201207
040702006307201207
040702007101201207
040702007107201207
040702008001201207
040702008007201207
040702009801201207
040702009807201207
040702010101201207
040702010107201207
040702011001201207
040702011007201207
040702011009201207
040702013601201207
040702013607201207
040702013609201207
040702014401201207
040702014407201207
040702014409201207
040702015201201207
040702015207201207
040702017901201207
040702017907201207
040702018701201207
040702018707201207
040702019501201207
040702019507201207
040702020901201207
040702020907201207
040702021701201207
040702021709201207
040702022501201207
040702022507201207
040702022509201207
040702023301201207
040702023307201207
040702024101201207
040702024107201207
040702025001201207
040702025007201207
040702026801201207
040702026807201207
040702027601201207
040702027607201207
040702027609201207
040702028401201207
040702028407201207
040702028409201207
040702029201201207
040702029207201207
040702030601201207
040702030607201207
040702032201201207
040702032207201207
040702032209201207
040702033001201207
040702034901201207
040702035701201207
040702036501201207
040702036507201207
040702038101201207
040702038107201207
040702040301201207
040702040307201207
040702041101201207
040702041107201207
040702042001201207
040702042007201207
040702043801201207
040702043807201207
040702044601201207
040702044607201207
040702045401201207
040702045407201207
040702045409201207
040702046201201207
040702046207201207
040702047001201207
040702047007201207
040702047009201207
040703001801201207
040703001807201207
040703002601201207
040703002607201207
040703003401201207
040703003407201207
040703004201201207
040703004207201207
040703005001201207
040703005007201207
040703006901201207
040703006907201207
040703007701201207
040703007707201207
040703012301201207
040703012307201207
040703013101201207
040703013107201207
040703014001201207
040703014007201207
040703015801201207
040703015807201207
040703016601201207
040703016607201207
040703017401201207
040703017407201207
040703018201201207
040703018207201207
040703019001201207
040703019007201207
040703020401201207
040703021201201207
040703022001201207
040703024701201207
040704001301201207
040704001307201207
040704002101201207
040704002107201207
040704003001201207
040704003007201207
040704004801201207
040704004807201207
040704005601201207
040704005607201207
040704006401201207
040704006407201207
040704006409201207
040704007201201207
040704007207201207
040704007209201207
040704008001201207
040704008007201207
040704008009201207
040704009901201207
040704009907201207
040704009909201207
040704010201201207
040704010207201207
040704010209201207
040704011001201207
040704011007201207
040704011009201207
040704012901201207
040704012907201207
040704012909201207
040704013701201207
040704013707201207
040704014501201207
040704014507201207
040704015301201207
040704015307201207
040704016101201207
040704016107201207
040704017001201207
040704017007201207
040704017009201207
040704018801201207
040704018807201207
040704020001201207
040704020007201207
040704022601201207
040704022607201207
040704022609201207
040704023401201207
040704023407201207
040704024201201207
040704024207201207
040704025001201207
040704025007201207
040704026901201207
040704026907201207
040801001001201207
040801002901201207
040801003701201207
040801004501201207
040801005301201207
040801006101201207
040801007001201207
040801007007201207
040801008801201207
040801008807201207
040801009601201207
040801009607201207
040801010001201207
040801010007201207
040801011801201207
040801011807201207
040801013401201207
040801013407201207
040801014201201207
040801014207201207
040801015001201207
040801015007201207
040801016901201207
040801016907201207
040801017701201207
040801017707201207
040801018501201207
040801018507201207
040801019301201207
040801019307201207
040801020701201207
040801020707201207
040801021501201207
040801022301201207
040801022307201207
040801023101201207
040802001601201207
040802001607201207
040802002401201207
040802002407201207
040802003201201207
040802003207201207
040802004001201207
040802005901201207
040802006701201207
040802007501201207
040802008301201207
040802009101201207
040802010501201207
040802010507201207
040802012101201207
040802012107201207
040802013001201207
040802013007201207
040802014801201207
040802014807201207
040802015601201207
040802015607201207
040802016401201207
040802016407201207
040802017201201207
040802017207201207
040802018001201207
040802018007201207
040802019901201207
040802019907201207
040802020201201207
040802020207201207
040802021001201207
040802021007201207
040802022901201207
040802022907201207
040802023701201207
040802023707201207
040802024501201207
040802024507201207
040802025301201207
040802025307201207
040802026101201207
040802026107201207
040802027001201207
040802027007201207
040802028801201207
040802028807201207
040802029601201207
040802029607201207
040802030001201207
040802030007201207
040802031801201207
040802031807201207
040802032601201207
040802032607201207
040802032609201207
040802033401201207
040802033407201207
040802034201201207
040802034207201207
040802034209201207
040802035001201207
040802035007201207
040802036901201207
040802036907201207
040802037701201207
040802037707201207
040802038501201207
040802038507201207
040802039301201207
040802039307201207
040802040701201207
040802040707201207
040802041501201207
040802041507201207
040802042301201207
040802042307201207
040802043101201207
040802043107201207
040802044001201207
040802044007201207
040802044009201207
040802045801201207
040802045807201207
040802046601201207
040802046607201207
040802047401201207
040802047407201207
040802048201201207
040802048207201207
040802049001201207
040802049007201207
040802050401201207
040802050407201207
040802051201201207
040802051207201207
040802052001201207
040802052007201207
040802053901201207
040802053907201207
040802054701201207
040802054707201207
040802055501201207
040802055507201207
040802056301201207
040802056307201207
040802057101201207
040802057107201207
040802058001201207
040802058007201207
040802059801201207
040802059807201207
040802060101201207
040802060107201207
040802061001201207
040802061007201207
040802062801201207
040802062807201207
040802063601201207
040802063607201207
040802064401201207
040802064407201207
040803001101201207
040803001107201207
040803002001201207
040803002007201207
040803003801201207
040803003807201207
040803004601201207
040803005401201207
040803005407201207
040803006201201207
040803006207201207
040803007001201207
040803007007201207
040803008901201207
040803008907201207
040803009701201207
040803009707201207
040803010001201207
040803010007201207
040803011901201207
040803011907201207
040803012701201207
040803012707201207
040803013501201207
040803014301201207
040803015101201207
040803016001201207
040803017801201207
040803017807201207
040803018601201207
040803019401201207
040803020801201207
040803021601201207
040803022401201207
040803023201201207
040803023207201207
040803024001201207
040803024007201207
040803025901201207
040803025907201207
040803026701201207
040803026707201207
040803027501201207
040803027507201207
040803028301201207
040803028307201207
040803029101201207
040803029107201207
040803030501201207
040803030507201207
040803031301201207
040803031307201207
040803032101201207
040803032107201207
040803033001201207
040803033007201207
040803034801201207
040803034807201207
040803035601201207
040803036401201207
040803036407201207
040803037201201207
040803037207201207
040803038001201207
040803038007201207
040803039901201207
040803039907201207
040803040201201207
040803040207201207
040803041001201207
040803041007201207
040803042901201207
040803042907201207
040803043701201207
040803043707201207
040803044501201207
040803044507201207
040803045301201207
040803045307201207
040803046101201207
040803046107201207
040803047001201207
040803047007201207
040803050001201207
040803050007201207
040803051801201207
040803051807201207
040803052601201207
040803052607201207
040803053401201207
040803053407201207
040803054201201207
040803054207201207
040803055001201207
040803055007201207
040803056901201207
040803056907201207
040803057701201207
040803057707201207
040803058501201207
040803058507201207
040803059301201207
040803059307201207
040803060701201207
040803060707201207
040803061501201207
040803061507201207
040803062301201207
040803062307201207
040803063101201207
040803063107201207
040803064001201207
040803064007201207
040803065801201207
040803065807201207
040803066601201207
040803066607201207
040803067401201207
040803067407201207
040803068201201207
040803068207201207
040803069001201207
040803069007201207
040803070401201207
040803071201201207
040803071207201207
040803072001201207
040803072007201207
040803073901201207
040803073907201207
040803074701201207
040803074707201207
040803075501201207
040803075507201207
040803076301201207
040803076307201207
040803077101201207
040803077107201207
040803078001201207
040803079801201207
040803080101201207
040803080107201207
040803081001201207
040803081007201207
040803082801201207
040803082807201207
040803083601201207
040803083607201207
040803084401201207
040803084407201207
040803085201201207
040803085207201207
040803086001201207
040803086007201207
040803087901201207
040803087907201207
040803088701201207
040803088707201207
040803089501201207
040803089507201207
040803090901201207
040803090907201207
040803091701201207
040803091707201207
040804001701201207
040804001707201207
040804002501201207
040804002507201207
040804003301201207
040804003307201207
040804004101201207
040804004107201207
040804005001201207
040804006801201207
040804007601201207
040804008401201207
040804009201201207
040804010601201207
040804010607201207
040804011401201207
040804011407201207
040804012201201207
040804012207201207
040804013001201207
040804013007201207
040804014901201207
040804014907201207
040804015701201207
040804015707201207
040804016501201207
040804016507201207
040804017301201207
040804017307201207
040804018101201207
040804018107201207
040804019001201207
040804019007201207
040804019009201207
040804020301201207
040804020307201207
040804022001201207
040804022007201207
040804023801201207
040804023807201207
040804024601201207
040804024607201207
040804025401201207
040804025407201207
040804026201201207
040804026207201207
040804027001201207
040804027007201207
040804028901201207
040804028907201207
040804029701201207
040804029707201207
040804030001201207
040804030007201207
040804031901201207
040804031907201207
040804032701201207
040804032707201207
040804033501201207
040804033507201207
040804034301201207
040804034307201207
040805001201201207
040805001207201207
040805002001201207
040805002007201207
040805003901201207
040805003907201207
040805004701201207
040805004707201207
040805005501201207
040805006301201207
040805007101201207
040805008001201207
040805008007201207
040805010101201207
040805010107201207
040805011001201207
040805011007201207
040805012801201207
040805012807201207
040805013601201207
040805013607201207
040805014401201207
040805014407201207
040805015201201207
040805015207201207
040805016001201207
040805016007201207
040805017901201207
040805017907201207
040805018701201207
040805018707201207
040805019501201207
040805019507201207
040805020901201207
040805020907201207
040805021701201207
040805021707201207
040805022501201207
040805022507201207
040805022509201207
040805023301201207
040805023307201207
040805024101201207
040805024107201207
040805025001201207
040805025007201207
040805025009201207
040805026801201207
040805026807201207
040805026809201207
040805027601201207
040805027607201207
040805028401201207
040805028407201207
040805029201201207
040805029207201207
040805030601201207
040805030607201207
040805031401201207
040805031407201207
040805032201201207
040805032207201207
040805033001201207
040805033007201207
040805034901201207
040805034907201207
040805035701201207
040805035707201207
040805036501201207
040805036507201207
040805037301201207
040805037307201207
040805038101201207
040805038107201207
040805039001201207
040805039007201207
040805040301201207
040805041101201207
040805041107201207
040805042001201207
040805042007201207
040805043801201207
040805043807201207
040805044601201207
040805044607201207
040805045401201207
040805045407201207
040805046201201207
040805046207201207
040805047001201207
040805047007201207
040805048901201207
040805048907201207
040805049701201207
040805049707201207
040805050001201207
040805050007201207
040805051901201207
040805051907201207
040805052701201207
040805052707201207
040805053501201207
040805053507201207
040805054301201207
040805054307201207
040805055101201207
040805055107201207
040805056001201207
040805056007201207
040805057801201207
040805057807201207
040805058601201207
040805058607201207
040805059401201207
040805059407201207
040805060801201207
040805060807201207
040805061601201207
040805061607201207
040805062401201207
040805062407201207
040805063201201207
040805063207201207
040805064001201207
040805064007201207
040805065901201207
040805065907201207
040805066701201207
040805067501201207
040805067507201207
040805068301201207
040805068307201207
040805069101201207
040805069107201207
040805070501201207
040805070507201207
040805071301201207
040805071307201207
040805072101201207
040805072107201207
040805073001201207
040805073007201207
040805074801201207
040805074807201207
040805075601201207
040805075607201207
040805076401201207
040805076407201207
040805077201201207
040805077207201207
040805078001201207
040805078007201207
040805079901201207
040805079907201207
040805080201201207
040805080207201207
040805081001201207
040805081007201207
040805082901201207
040805082907201207
040805083701201207
040805083707201207
040805084501201207
040805084507201207
040805085301201207
040805085307201207
040805086101201207
040805086107201207
040805087001201207
040805087007201207
040805088801201207
040805088807201207
040805089601201207
040805089607201207
040805090001201207
040805091801201207
040805091807201207
040805092601201207
040805092607201207
040806001801201207
040806001807201207
040806002601201207
040806002607201207
040806003401201207
040806003407201207
040806004201201207
040806004207201207
040806004209201207
040806005001201207
040806005007201207
040806006901201207
040806006907201207
040806007701201207
040806007707201207
040806008501201207
040806008507201207
040806009301201207
040806009307201207
040806010701201207
040806010707201207
040806011501201207
040806011507201207
040806012301201207
040806012307201207
040806013101201207
040806013107201207
040806014001201207
040806014007201207
040806015801201207
040806015807201207
040806015809201207
040806016601201207
040806016607201207
040806017401201207
040806017407201207
040806018201201207
040806018207201207
040806019001201207
040806019007201207
040806020401201207
040806020407201207
040806021201201207
040806021207201207
040806023901201207
040806023907201207
040806024701201207
040806024707201207
040806025501201207
040806025507201207
040806026301201207
040806026307201207
040806027101201207
040806027107201207
040806028001201207
040806028007201207
040806029801201207
040806029807201207
040806030101201207
040806030107201207
040806031001201207
040806031007201207
040806032801201207
040806032807201207
040806033601201207
040806033607201207
040806034401201207
040806034407201207
040806035201201207
040806035207201207
040806036001201207
040806036007201207
040806037901201207
040806037907201207
040806038701201207
040806038707201207
040806039501201207
040806039507201207
040806040901201207
040806040907201207
040806041701201207
040806041707201207
040806042501201207
040806042507201207
040806042509201207
040806043301201207
040806043307201207
040806044101201207
040806044107201207
040806045001201207
040806045007201207
040806046801201207
040806046807201207
040806047601201207
040806047607201207
040806048401201207
040806048407201207
040806049201201207
040806049207201207
040806050601201207
040806050607201207
040806051401201207
040806051407201207
040806052201201207
040806052207201207
040806053001201207
040806053007201207
040806054901201207
040806054907201207
040806055701201207
040806055707201207
040806056501201207
040806056507201207
040806057301201207
040806057307201207
040806057309201207
040806058101201207
040806058107201207
040806059001201207
040806059007201207
040806060301201207
040806060307201207
040806061101201207
040806062001201207
040806062007201207
040806063801201207
040806063807201207
040806064601201207
040806064607201207
040806066201201207
040806066207201207
040806067001201207
040806067007201207
040806069701201207
040806069707201207
040806070001201207
040806070007201207
040901001401201207
040901001407201207
040901002201201207
040901002207201207
040901003001201207
040901003007201207
040901004901201207
040901004907201207
040901005701201207
040901005707201207
040901006501201207
040901006507201207
040901007301201207
040901007307201207
040901008101201207
040901008107201207
040901009001201207
040901009007201207
040901012001201207
040901012007201207
040901013801201207
040901013807201207
040901014601201207
040901014607201207
040901017001201207
040901017007201207
040901017009201207
040901018901201207
040901018907201207
040901019701201207
040901019707201207
040901020001201207
040901020007201207
040901021901201207
040901022701201207
040901022707201207
040901023501201207
040901023507201207
040901024301201207
040901024307201207
040901025101201207
040901025107201207
040901026001201207
040901026007201207
040901028601201207
040901028607201207
040901029401201207
040901029407201207
040901030801201207
040901030807201207
040901031601201207
040901031607201207
040901032401201207
040901032407201207
040901033201201207
040901033207201207
040901034001201207
040901034007201207
040901036701201207
040901036707201207
040901037501201207
040901037507201207
040901038301201207
040901038307201207
040901038309201207
040901039101201207
040901039107201207
040901040501201207
040901040507201207
040901041301201207
040901041307201207
040901043001201207
040901043007201207
040901043009201207
040901045601201207
040901045607201207
040901046401201207
040901046407201207
040901047201201207
040901047207201207
040901048001201207
040901048007201207
040901049901201207
040901050201201207
040901050207201207
040901051001201207
040901051007201207
040901052901201207
040901052907201207
040901053701201207
040901053707201207
040901054501201207
040901054507201207
040901055301201207
040901055307201207
040901056101201207
040901056107201207
040901057001201207
040901057007201207
040901058801201207
040901058807201207
040902001001201207
040902001007201207
040902001009201207
040902002801201207
040902002807201207
040902004401201207
040902004407201207
040902004409201207
040902005201201207
040902005207201207
040902007901201207
040902007907201207
040902007909201207
040902008701201207
040902008707201207
040902008709201207
040902009501201207
040902009507201207
040902009509201207
040902010901201207
040902010907201207
040902012501201207
040902012507201207
040902012509201207
040902013301201207
040902013307201207
040902014101201207
040902014107201207
040902015001201207
040902015007201207
040902015009201207
040902016801201207
040902016807201207
040902017601201207
040902017607201207
040902017609201207
040903001501201207
040903001509201207
040903002301201207
040903003101201207
040903004001201207
040904001001201207
040904001007201207
040904001009201207
040904003701201207
040904003707201207
040904004501201207
040904004507201207
040904005301201207
040904005307201207
040904007001201207
040904007007201207
040904007009201207
040904008801201207
040904008807201207
040904008809201207
040904009601201207
040904009607201207
040904011801201207
040904011807201207
040904012601201207
040904012607201207
040904013401201207
040904013407201207
040904014201201207
040904014209201207
040904015001201207
040904015007201207
040904016901201207
040904016907201207
040904017701201207
040904017707201207
040904018501201207
040904018507201207
040904019301201207
040904019307201207
040904020701201207
040904020707201207
040904021501201207
040904021507201207
040904022301201207
040904023101201207
040904023107201207
040904024001201207
040904024009201207
040905001601201207
040905001607201207
040905002401201207
040905002407201207
040905003201201207
040905004001201207
040905004007201207
040905007501201207
040905007507201207
040905008301201207
040905008307201207
040905008309201207
040905009101201207
040905009107201207
040905010501201207
040905010507201207
040905011301201207
040905011307201207
040905012101201207
040906001101201207
040906001102201207
040906001107201207
040906001109201207
040906002001201207
040906003801201207
040906003809201207
040906004601201207
040906004607201207
040906004609201207
040906005401201207
040906005402201207
040906005409201207
040906007001201207
040906007002201207
040906007009201207
040906010001201207
040906010007201207
040906011901201207
040906011907201207
040906012701201207
040906012707201207
040906013501201207
040906013507201207
040906014301201207
040906014307201207
040906015101201207
040906015107201207
040906016001201207
040906016007201207
040906017801201207
040906017807201207
040906017809201207
040906018601201207
040906018609201207
040906019401201207
040906019407201207
040906020801201207
040906020807201207
040906020809201207
040906021601201207
040906021607201207
040906022401201207
040906022407201207
040906023201201207
040906023202201207
040906023207201207
040906023209201207
040906024001201207
040906024002201207
040906024007201207
040906024009201207
040906025901201207
040906025902201207
040906025907201207
040906026701201207
040906026702201207
040906026707201207
040906026709201207
040906027501201207
040906027507201207
040906027509201207
040906028301201207
040906028307201207
040907001701201207
040907001709201207
040907002501201207
040907003301201207
040907003309201207
040907004101201207
040907004109201207
040907005001201207
040907006801201207
040907006809201207
040907007601201207
040907007609201207
040907008401201207
040907008409201207
040907009201201207
040907009207201207
040907009209201207
040907010601201207
040907010607201207
040907010609201207
040907011401201207
040907011407201207
040907013001201207
040907013007201207
040907013009201207
040907014901201207
040907014907201207
040907014909201207
040907015701201207
040907015707201207
040907015709201207
040907019001201207
040907019009201207
040907020301201207
040907021101201207
040907021107201207
040907022001201207
040907022007201207
040907022009201207
040907023801201207
040907023807201207
040907024601201207
040907024607201207
040907025401201207
040907025407201207
040907026201201207
040907026207201207
040907026209201207
040907027001201207
040907028901201207
040907028907201207
040907029701201207
040907030001201207
041001001401201207
041001001407201207
041001001409201207
041001005701201207
041001006501201207
041001006507201207
041001007301201207
041001007307201207
041001008101201207
041001008107201207
041001008109201207
041001009001201207
041001011101201207
041001011107201207
041001011109201207
041001012001201207
041001012007201207
041001013801201207
041001014601201207
041001015401201207
041001016201201207
041001017001201207
041001018901201207
041101001801201207
041101001802201207
041101001809201207
041101002601201207
041101002602201207
041101003401201207
041101003402201207
041101004201201207
041101004202201207
041101005001201207
041101005002201207
041101007701201207
041101007702201207
041101007709201207
041101008501201207
041101008502201207
041102001301201207
041102001302201207
041102001309201207
041102002101201207
041102002102201207
041102003001201207
041102003002201207
041102004801201207
041102004802201207
041102005601201207
041102005602201207
041201001101201207
041201001107201207
041201002001201207
041201002007201207
041201003801201207
041201003807201207
041201004601201207
041201004607201207
041201004609201207
041201007001201207
041201007007201207
041201008901201207
041201008907201207
041201009701201207
041201009707201207
041201010001201207
041201010007201207
041201011901201207
041201011907201207
041201013501201207
041201013507201207
041201014301201207
041201014307201207
041202001701201207
041202001707201207
041202002501201207
041202002507201207
041202003301201207
041202003307201207
041202005001201207
041202005007201207
041202006801201207
041202006807201207
041202007601201207
041202007607201207
041202008401201207
041202008407201207
041203001201201207
041203001207201207
041203004701201207
041203004707201207
041203008001201207
041203008007201207
041203009801201207
041203009807201207
041203010101201207
041203010107201207
041203011001201207
041203011007201207
041204001801201207
041204001807201207
041204002601201207
041204002607201207
041204003401201207
041204003407201207
041204004201201207
041204004207201207
041204005001201207
041204005007201207
041204006901201207
041204006907201207
041204008501201207
041204008507201207
041204010701201207
041204010707201207
041204011501201207
041204011507201207
041204012301201207
041204012307201207
041204013101201207
041204013107201207
041204015801201207
041204015807201207
041204016601201207
041204016607201207
041204017401201207
041204017407201207
041204018201201207
041204018207201207
041204019001201207
041204019007201207
041204020401201207
041204020407201207
041204021201201207
041204021207201207
041204022001201207
041204022007201207
041205001301201207
041205001307201207
041205003001201207
041205003007201207
041205004801201207
041205004807201207
041205006401201207
041205006407201207
041205007201201207
041205007207201207
041205008001201207
041205008007201207
041205010201201207
041205010207201207
041205011001201207
041205011007201207
041205013701201207
041205013707201207
041205014501201207
041205014507201207
041205015301201207
041205015307201207
041205016101201207
041205016107201207
041301001501201207
041301001507201207
041301006601201207
041301008201201207
041301008207201207
041301009001201207
041301009007201207
041303001601201207
041303001607201207
041303001609201207
041303002401201207
041303002407201207
041303003201201207
041303005901201207
041303005907201207
041303005909201207
041303006701201207
041303007501201207
041303008301201207
041303008307201207
041303008309201207
041304002001201207
041304002007201207
041304003801201207
041304004601201207
041304005401201207
041304005407201207
041304006201201207
041304006207201207
041304007001201207
041304007007201207
041304008901201207
041304008907201207
041304009701201207
041304009707201207
041304010001201207
041304010007201207
041304011901201207
041304011907201207
041304011909201207
041304012701201207
041304012707201207
041304012709201207
041304013501201207
041304013507201207
041304013509201207
041304014301201207
041304014307201207
041304015101201207
041304015107201207
041304015109201207
041304016001201207
041304016007201207
041304017801201207
041304017807201207
041304018601201207
041304018607201207
041304019401201207
041304019407201207
041304020801201207
041304020807201207
041304021601201207
041304021607201207
041304022401201207
041304022407201207
041304023201201207
041304023207201207
041304023209201207
041304024001201207
041304024007201207
041401002701201207
041401003501201207
041401025601201207
041401025607201207
041401025609201207
041401027201201207
041401027207201207
041401032901201207
041401032907201207
041401032909201207
041401034501201207
041401034507201207
041401034509201207
041402002201201207
041402002203201207
041402002207201207
041402002209201207
041402003001201207
041402003003201207
041402003007201207
041402003009201207
041402004901201207
041402004903201207
041402004907201207
041402004909201207
041402005701201207
041402005703201207
041402005707201207
041402005709201207
041402006501201207
041402006503201207
041402006507201207
041402006509201207
041402007301201207
041402007303201207
041402007307201207
041402007309201207
041402008101201207
041402008103201207
041402008107201207
041402008109201207
041402009001201207
041402009003201207
041402009007201207
041402009009201207
041402014601201207
041402014603201207
041402014607201207
041402014609201207
041402015401201207
041402015403201207
041402015407201207
041402015409201207
041402016201201207
041402016203201207
041402016207201207
041402016209201207
041402020001201207
041402020003201207
041402020007201207
041402020009201207
041402021901201207
041402021903201207
041402021907201207
041402021909201207
041402024301201207
041402024303201207
041402024307201207
041402024309201207
041402027801201207
041402027803201207
041402027807201207
041402027809201207
041402029401201207
041402029403201207
041402029407201207
041402029409201207
041402036701201207
041402036703201207
041402036707201207
041402036709201207
041402037501201207
041402037503201207
041402037507201207
041402037509201207
041402041301201207
041402041303201207
041402041307201207
041402041309201207
041501001201201207
041501001207201207
041502001801201207
041502002601201207
041502003401201207
041502003407201207
041502004201201207
041502004207201207
041503001301201207
041503001307201207
041504002701201207
041504002707201207
041504003501201207
041504003507201207
041601001601201207
041601001607201207
041601002401201207
041601002407201207
041601003201201207
041601003207201207
041601004001201207
041601004007201207
041601005901201207
041601005907201207
041601006701201207
041601006707201207
041601007501201207
041601007507201207
041601008301201207
041601008307201207
041601009101201207
041601009107201207
041601010501201207
041601010507201207
041601011301201207
041601011307201207
041601012101201207
041601013001201207
041601014801201207
041601015601201207
041601015607201207
041601016401201207
041601016407201207
041601017201201207
041601017207201207
041601018001201207
041601018007201207
041601019901201207
041601019907201207
041602001101201207
041602001107201207
041602002001201207
041602002007201207
041602003801201207
041602004601201207
041602004607201207
041602005401201207
041602005407201207
041602006201201207
041602006207201207
041602007001201207
041602007007201207
041602008901201207
041602008907201207
041602009701201207
041602009707201207
041602010001201207
041602010007201207
041602011901201207
041602012701201207
041602013501201207
041602013507201207
041602014301201207
041602014307201207
041603001701201207
041603001707201207
041603002501201207
041603002507201207
041603003301201207
041603003307201207
041603004101201207
041603004107201207
041603005001201207
041603006801201207
041603006807201207
041603007601201207
041603008401201207
041603008407201207
041603009201201207
041603009207201207
041603010601201207
041603010607201207
041603011401201207
041603011407201207
041603012201201207
041603012207201207
041603013001201207
041603013007201207
041604001201201207
041604001207201207
041604002001201207
041604002007201207
041604003901201207
041604004701201207
041604005501201207
041604005507201207
041604006301201207
041604006307201207
041604007101201207
041604007107201207
041604008001201207
041604008007201207
041604009801201207
041604009807201207
041604010101201207
041604010107201207
041604011001201207
041604011007201207
041604012801201207
041604012807201207
041604013601201207
041604014401201207
041604014407201207
041604015201201207
041604016001201207
041604016007201207
041604017901201207
041604018701201207
041604019501201207
041605001801201207
041605001807201207
041605002601201207
041605002607201207
041605003401201207
041605003407201207
041605004201201207
041605004207201207
041605005001201207
041605005007201207
041605006901201207
041605007701201207
041605007707201207
041605008501201207
041606001301201207
041606001307201207
041606002101201207
041606002107201207
041606003001201207
041606003007201207
041606004801201207
041606004807201207
041606005601201207
041606005607201207
041606006401201207
041606006407201207
041606007201201207
041606007207201207
041606008001201207
041606009901201207
041606009907201207
041606010201201207
041606010207201207
041607002701201207
041607002707201207
041607003501201207
041607003507201207
041608001401201207
041608001407201207
041608002201201207
041608002207201207
041608003001201207
041608003007201207
041608004901201207
041608004907201207
041608005701201207
041608005707201207
041608006501201207
041608006507201207
041608007301201207
041608007307201207
041608008101201207
041608008107201207
041608009001201207
041608009007201207
041608010301201207
041608010307201207
041609001001201207
041609001007201207
041609002801201207
041609002807201207
041609003601201207
041609003607201207
041609004401201207
041609004407201207
041609005201201207
041609005207201207
041609006001201207
041609006007201207
041609007901201207
041609007907201207
041609008701201207
041609008707201207
041609009501201207
041609010901201207
041609010907201207
041611001001201207
041611001007201207
041611002901201207
041611003701201207
041611003707201207
041611004501201207
041611004507201207
041611005301201207
041611005307201207
041612001601201207
041612001607201207
041612001609201207
041612002401201207
041612003201201207
041612004001201207
041612004009201207
041612005901201207
041612005909201207
041613001101201207
041613001107201207
041613002001201207
041613002007201207
041613003801201207
041613004601201207
041613005401201207
041613006201201207
050103006901201207
050103006903201207
050103006907201207
050201001074201207
050201001075201207
050201001076201207
050201001077201207
050201001078201207
050201001079201207
050201002977201207
050201002978201207
050201002979201207
050201002980201207
050201002981201207
050201002982201207
050301001401201207
050301001403201207
050301001474201207
050301001475201207
050301001476201207
050301001477201207
050301001478201207
050301001479201207
050301001480201207
050301001481201207
050301001482201207
050301002201201207
050301002274201207
050301002275201207
050301002276201207
050301002277201207
050301002278201207
050301002279201207
050301002280201207
050301002281201207
050301002282201207
050302001001201207
050302002801201207
050303001574201207
050303001575201207
050303001576201207
050303001577201207
050303001578201207
050303001579201207
050303001580201207
050303001581201207
050303001582201207
050303002301201207
050303002374201207
050303002375201207
050303002376201207
050303002377201207
050303002378201207
050303002379201207
050303002380201207
050303002381201207
050303002382201207
050303003101201207
050303003174201207
050303003175201207
050303003176201207
050303003177201207
050303003178201207
050303003179201207
050303003180201207
050303003181201207
050303003182201207
050303004001201207
050303004074201207
050303004075201207
050303004076201207
050303004077201207
050303004078201207
050303004080201207
050303004081201207
050303004082201207
050303005801201207
050303005874201207
050303005875201207
050303005876201207
050303005877201207
050303005878201207
050303005879201207
050303005880201207
050303005881201207
050303005882201207
050303006601201207
050303006674201207
050303006675201207
050303006676201207
050303006677201207
050303006678201207
050303006679201207
050303006680201207
050303006681201207
050303006682201207
050303007401201207
050303007474201207
050303007475201207
050303007476201207
050303007477201207
050303007478201207
050303007479201207
050303007480201207
050303007481201207
050303007482201207
050303008201201207
050303008274201207
050303008275201207
050303008276201207
050303008277201207
050303008278201207
050303008279201207
050303008280201207
050303008281201207
050303008282201207
050303009001201207
050303009074201207
050303009075201207
050303009076201207
050303009077201207
050303009078201207
050303009079201207
050303009080201207
050303009081201207
050303009082201207
050303010401201207
050303010474201207
050303010475201207
050303010476201207
050303010477201207
050303010478201207
050303010479201207
050303010480201207
050303010481201207
050303010482201207
050304004574201207
050304004575201207
050304004576201207
050304004577201207
050304004578201207
050304004579201207
050304004580201207
050304004581201207
050304004582201207
050501001103201207
050501001107201207
050501002003201207
050501002007201207
050501003803201207
050501003807201207
050501004603201207
050501004607201207
050501005403201207
050501005407201207
050501006203201207
050501006207201207
050501007003201207
050501007007201207
050501008903201207
050501008907201207
050501009701201207
050501009707201207
050501009709201207
050501010001201207
050501010007201207
050501010009201207
050501011901201207
050501011907201207
050501011909201207
050501012701201207
050501012707201207
050501012709201207
050502004101201207
050502004107201207
050502005001201207
050502005007201207
050502006801201207
050502007601201207
050502008401201207
050502009201201207
050502010601201207
050502011401201207
050502011407201207
050502012201201207
050602001012201207
050602002912201207
050602003712201207
050602004503201207
050602004507201207
050602004509201207
050602004512201207
050602005301201207
050602005303201207
050602005307201207
050602006101201207
050602006103201207
050602006107201207
050602007001201207
050602007003201207
050602007007201207
050602008801201207
050602008803201207
050602008807201207
050602009601201207
050602009603201207
050602009607201207
050602010001201207
050602010003201207
050602010007201207
050602011801201207
050602011803201207
050602011807201207
080201006765201207
080201007579201207
080201008375201207
080201009176201207
080201010574201207
080201011383201207
080201012181201207
080201013082201207
080201014877201207
080201015678201207
080201016480201207
080201021085201207
080201022986201207
